# 3D point list with one line of data per point:
#   POINT3D_ID, X, Y, Z, R, G, B, ERROR, TRACK[] as (IMAGE_ID, POINT2D_IDX)
# Number of points: 675, mean track length: 4.771851851851852
651 -1.6229563248302525 -5.7964552353096899 5.8640847063881214 124 123 128 0.99476249515028736 6 10 1 484 13 387 3 426 2 481
649 -1.3020361995878076 -2.9252576564897579 7.9197787460484186 147 132 113 0.36152373621063472 10 816 13 749
643 -2.5860030325299945 -0.38986938280322597 9.1194929393883193 156 140 117 1.3865388976944388 16 661 19 661 13 712
639 -2.6395745478574195 -2.0077383715241091 8.2050422485492671 185 178 169 0.86782041588815684 5 796 16 586 19 586 13 645
637 -0.46596605533527935 -3.1525724763367089 8.868840568747741 151 151 151 0.24390894866711532 10 607 13 637 1 813 3 640 2 721
577 -2.2091363017560681 -1.8803879320532535 8.277410821489898 141 126 107 2.0000425859681026 4 389 5 833 1 633
572 -2.7543039131017633 -1.7679682810789514 8.1449774789903255 54 50 50 1.2469238619863439 10 633 16 533 19 533 5 795 8 312
555 -2.1235844041216683 -2.1149819763990743 8.4328598668143346 113 103 91 0.51315101122977536 10 381 5 620 13 559 1 619 3 661
540 -2.8620722181565941 -0.3439941139492152 6.023384674471191 161 59 98 0.73347837403214955 12 235 10 717
538 -2.0035426603530775 -1.9844596027192041 8.4023389675914473 119 96 69 0.7076026039218406 4 408 6 563 15 513 18 513 12 323 16 643 19 643 10 756 5 865 8 399 13 678
531 -1.6460493596403327 -3.4465878143199222 7.7347776403983906 176 180 179 1.3201368871096604 11 388 10 801 1 970
529 -8.4699253009931805 0.18467456870017984 5.5611383491289867 193 190 185 1.0896879612110537 16 665 19 665 10 791 5 871 8 409 1 950
527 -1.712780054504548 -2.1721540622614728 8.6174238889307464 157 132 102 1.5059543179134462 6 579 10 781 1 943 3 830 2 1042
526 -7.1626573218609231 -0.16787083312220127 6.1810258285253097 199 193 180 0.97538637148760132 6 565 10 768 5 862 16 650 19 650 8 395
524 -8.7546158723577445 0.27069031172084446 5.4487598698990105 148 141 133 0.28176757315867246 16 621 19 621 10 752 5 848 8 375
523 -8.6415081805203986 0.36548928660273916 5.4577289771994772 202 196 181 0.55333916900393143 16 602 19 602 10 738 5 823 8 337 13 601 1 868
521 -8.020059934069609 0.046031218456286604 5.7900160089604897 195 194 189 1.2343935752076531 16 511 19 511 10 700 5 783 8 306
520 -0.48184747854423038 3.2908780031029572 4.7400892847011615 186 179 163 0.33665491083294991 15 403 18 403 10 675
519 -2.4540850047661391 -0.49820818623756147 9.1726769828286283 114 108 94 0.68679822636640575 6 435 10 669 5 659
518 -3.0286705719704039 -0.30642719559296888 8.9535690179367826 135 129 115 1.0949633263923706 16 555 19 555 10 668 5 764 8 359 13 628 1 886
517 -0.25817810597141722 -2.7601016211208114 9.3170215954880344 174 177 170 0.66983270621934643 6 393 10 653 3 726 2 758
516 -0.47435903210753499 -2.6781218547986718 9.2356161700724115 139 136 129 0.67385670480371973 6 390 10 650 13 653
515 -0.46864777106221378 -2.6755670594465788 9.2279872644983953 139 136 129 0.59140406091008213 6 391 10 649 13 654 1 879 3 724
514 -0.7305067661246234 -2.6383957203146653 9.0630401304972743 164 160 149 0.50404741179721224 6 453 10 648
513 -6.0301213891943881 -0.71855122462011112 6.6980598492938546 175 172 163 0.5202414848739394 6 456 10 622 13 546 1 759 2 923 21 594 7 254 20 540
512 -0.20030445207277311 -3.588383175475494 8.6923518717975039 130 136 136 0.58344374294487378 6 355 10 599 2 538 21 316
511 -0.47622592739551917 3.2661315222868113 4.7677907558021477 82 75 59 0.76864181187658021 15 335 18 335 10 580
510 -0.47842051350995307 3.2708935591855925 4.770563428850279 82 75 59 0.44514243813529797 19 312 10 579 16 312
509 -2.2286021527699051 -0.59289363821887209 9.3381194400704803 99 85 68 0.65167457965432962 6 436 10 565 13 584 1 791
508 -2.5198976690042505 -0.4568940940474332 9.1516149482231945 91 84 68 1.0359818525110265 6 155 16 393 19 393 10 563 5 525 8 299
505 -0.044016225998476544 -2.8774291542704997 9.3661214353256739 137 141 140 0.61404233689878229 6 245 10 548 3 561 2 307
504 -2.0911029565975903 -2.1150142586335865 8.4552195847602363 158 147 128 0.20765863333247081 6 384 10 531 5 621 13 562
503 -2.0890150660959277 -2.114942166328158 8.4502921956366333 158 147 128 0.35810953392857608 6 383 10 530 5 622 1 835 3 663
502 -2.1626086224581464 -2.1201462873009427 8.3907636676856114 161 152 137 0.32858000364560758 6 379 10 528 5 617 1 765 3 660
501 -2.3166616062572625 -1.9699960315109117 8.3493970739433809 184 178 163 0.15714526249547045 6 376 10 527 5 616
500 -2.318717522020628 -2.088852640157822 8.2814506241896204 176 172 163 0.47848364037356234 4 178 10 526 5 614 13 551 1 763 3 658
498 -6.7861968137492745 -0.41148084103964128 6.4130113521988275 178 177 172 0.57821211871526712 6 416 16 349 19 349 10 501 5 588
497 -8.5416561903085721 0.36742238509716663 5.5020644254835682 116 112 103 0.32651269416469131 16 426 19 426 10 497 5 584 8 279
496 -8.6968054609227821 0.20193862672768792 5.4639301798876163 148 145 138 0.40944771296218985 16 335 19 335 10 496 13 435
495 -2.2411935202517927 -2.1701784574642273 8.2914492596186058 136 132 121 0.24408105988510717 6 357 10 490 5 739 16 370 19 370 13 552 1 832 3 659
494 -2.3550485723971084 -2.1034355138614087 8.2688245481967755 147 143 136 0.36183588364542796 6 242 10 489 5 472 13 452 1 272
493 -1.3274998546896279 -4.2182835205885025 7.365379244750085 146 148 147 0.44668382315872152 6 345 10 461 1 720 2 502
492 -2.4878124349313322 -0.44367374040609769 9.160352324308267 167 155 137 0.57249810413821189 6 156 10 417 5 213
490 -0.22007683880360407 -2.7478837847878705 9.355974250804465 144 145 137 0.41624199246435833 6 108 10 394 3 320 2 305
489 -0.57983113182905521 -2.5702216390140689 9.133942198912596 177 174 157 0.21666335196576147 6 104 10 393
488 -1.9544469208046289 -2.1679009047116446 8.5235362719146792 141 126 105 0.38783598149208715 6 385 10 384 5 624
487 -2.1242365499630478 -2.1139997324437805 8.4336557128066811 124 112 96 0.59413429382271232 6 263 10 382 5 619 13 560 3 662
486 -2.2216166841649945 -2.1160158265325149 8.3351360702324957 142 137 125 0.39283076137025524 6 260 10 380 5 476
484 -3.1284691227640362 -1.5705737330821141 7.8945525384385427 95 92 77 0.31740474863846518 16 177 19 177 10 374
483 -5.489323912405025 -0.76812352114480587 6.9069828415147638 118 115 100 0.24769249446733541 16 170 19 170 10 363
482 -7.9003813805975716 0.13588455101924352 5.8039433980983484 174 167 157 0.74308109969080538 16 432 19 432 10 347
481 -0.026655998576020828 -3.061807324027539 9.2287817083542798 126 134 137 0.63723885044234829 6 359 10 341 3 171 2 197
480 -2.2421458998094392 -2.2628160692468287 8.229581358503804 146 142 133 0.4601399011017972 6 243 10 338 5 453 1 581 3 146 13 163
479 -1.7203066642877329 -3.0651692340428029 7.984648312922717 158 154 142 0.56234320613609745 6 56 10 317 3 90 5 50 2 116
478 -2.0677288213706064 -3.4016632632136181 7.4483247507035912 154 154 154 0.19732040180306862 6 37 10 302 5 415
475 -2.4042576407875269 -1.9864441682733549 8.2963899455462773 138 135 126 0.37195781389631372 6 91 10 140 1 268 13 218
474 -2.7037453165418319 -1.7707956545071646 8.1540000844482527 151 153 140 0.58515196929715119 16 183 19 183 10 138 5 467
473 -5.8683667854384431 -0.53522327472218489 6.7144013814368702 145 141 132 0.93391218756090943 15 175 18 175 10 126 5 94
472 -2.0016811443433071 -3.406099374236792 7.4752114267058145 166 166 166 0.37265371082479021 6 38 10 44 5 35
471 -3.1075945293618918 -2.9918853467489548 6.9702527283372175 167 167 165 0.37633137751305501 16 158 19 158 10 40 5 412 13 402 1 94
470 -1.7199365355224747 -3.6977450710095878 7.4383880665038857 141 141 141 1.6675338539325164 16 162 19 162 10 36 5 27 13 50 5 26 3 70
465 -2.3442441874150926 -0.56485898841329285 9.2455913461534713 88 68 57 1.3597333873850497 6 526 16 596 19 596
463 -4.3979456113484554 -3.2262657880248895 5.9020407181681653 153 154 148 0.3134502432296622 6 215 16 141 19 141 2 497 21 305
460 -2.1658607843029061 -2.6994242255621232 4.3902155841372705 158 154 126 1.4768471923086437 12 19 16 24 19 24
459 -1.9491534966777244 -1.318226477051736 5.5771546622104289 138 125 92 2.9342959171446514 17 32 16 385 14 32 19 385
454 -13.414192460350696 4.0764707193656271 15.197766120794645 140 134 122 2.0268592784569481 12 313 16 641 19 641
451 -7.4365341641409843 -0.061103292074309867 6.0284285201735264 189 179 162 1.0346990003756769 12 303 16 603 19 603 5 824 13 646 6 552
450 -2.581183812197672 0.1772686170415646 6.5916001187851023 128 1 88 1.7074976367480896 12 239 16 595 19 595
449 -5.360590167195288 0.52729182957479526 7.8822011561376089 136 132 123 0.12908044255134321 4 396 16 589 19 589
448 -1.7941974565821821 -2.2395252232965901 8.5931364442617166 102 86 61 0.38836177058481303 12 268 16 588 19 588
447 -1.4822774584123084 -2.25733160228756 8.7647181911684164 102 82 58 0.18851314347261586 12 224 16 546 19 546
446 -2.3780572994091562 -1.8074646363094553 8.7413350418682203 81 66 47 0.27407344711733389 12 226 16 542 19 542
444 -2.3617740133537577 -2.0794646878362704 8.2773929793390995 123 113 102 0.74609900647197724 4 234 6 459 16 535 19 535 10 710 5 737
443 -6.0293828563101757 -0.62251595452989927 6.6869011334039383 191 189 168 0.73105237102504539 4 345 16 517 19 517
442 -8.1757238841550031 0.15016364147106104 5.7381001219684826 83 80 75 0.46194583114229709 12 251 16 509 19 509 5 711 10 699 8 307 13 541 1 747
441 -8.2215736575909393 0.23447502033683165 5.689737389298946 156 149 143 1.2734683240486966 12 255 16 508 19 508 10 499 5 585 8 280 13 555 1 588
440 -8.1826578284676756 0.082622327085196012 5.7857160841979622 178 173 167 0.11873209253770949 12 252 16 507 19 507
439 -8.2940007062887489 0.20368353601391753 5.6744221367248411 67 70 63 0.26083048250566293 12 250 16 506 19 506 10 698 5 710 8 305 13 603 1 822
438 -2.1811460483448082 -0.6203670334568232 9.2401098600847895 68 50 30 0.30577666253071517 12 236 16 475 19 475
437 -2.2180980871458558 -1.9672320505647267 8.3732750322839227 32 20 1 1.0322039353358847 12 162 16 459 19 459 10 532 5 744 13 471 1 309 3 569
436 -2.5030903116076897 -1.8695483009044533 8.253179958246383 57 58 40 0.46063397292171421 12 161 16 454 19 454 5 735 8 289
435 -2.2307125539266077 -2.1758935343799455 8.2826356587804231 113 101 87 0.27750356044306651 4 235 16 451 19 451
434 -2.6029463417466285 -1.8766646680290351 8.2323904894130919 173 168 162 0.68313524034571482 6 375 16 450 19 450 10 634 5 734 13 556 1 761
433 -6.8625519083502056 -0.31107939717442656 6.3605735518212727 136 130 116 0.56852108900949661 12 202 16 439 19 439 8 244
432 -7.3419887713941305 -0.13873881618284453 6.1330662874151036 135 127 114 0.061913924300923344 12 194 16 435 19 435
431 -8.3488281340186994 0.16329879248867984 5.6562698191042298 182 176 170 0.10513671889502589 12 249 16 428 19 428
430 -2.3459297697810322 1.3118213133065932 7.0555772259890581 174 156 144 0.52441275303060231 12 126 16 400 19 400
428 -2.0761345649220586 -1.971343481537696 8.393297604251261 89 68 36 0.43078525958327657 4 205 6 99 16 384 19 384 8 193
426 -5.7194110117466224 -0.68129036272152188 6.8021422417466342 192 185 169 0.4856673969015502 12 108 16 355 19 355
425 -7.4045724639175221 -0.15419410211312232 6.116864759085832 187 180 170 0.31248520766448262 15 344 18 344 16 341 19 341
424 -8.0200621091475739 -0.021060365174630502 5.7997088250205255 133 134 128 0.1911815337654347 12 143 16 339 19 339 10 617 5 586
423 -7.934635701663292 -0.122353491879791 5.7851841128413097 142 143 137 0.5218751963515198 12 142 16 338 19 338 10 488 5 699 13 439
422 -7.967601940418815 -0.08645486061400276 5.7694844495523796 173 174 168 0.11857703993891698 12 140 16 337 19 337
421 -7.9622167270692348 -0.080663623390826833 5.7588075146533555 173 174 168 1.1964199333685162 12 141 16 336 19 336 10 615 5 713 13 602
420 -0.41786925786452372 3.3216659116699385 4.6949685017548655 85 76 61 0.56007262673413338 15 256 18 256 16 316 19 316
419 -0.43085782636361636 3.3079047292634955 4.7149111108361801 98 89 74 0.35511877325245439 15 254 18 254 16 315 19 315
418 -0.43085782636361636 3.3079047292634955 4.7149111108361801 98 89 74 0.35511877325245439 15 253 18 253 16 314 19 314
417 -0.6828811061593365 3.0596882967783308 5.0053411009414148 174 167 151 1.4205152992030363 4 169 16 289 19 289
416 -2.3915839738730353 1.206569783436239 7.1485796318411534 115 92 86 0.10826180436905881 14 287 17 287 16 195 19 195
415 -2.1499817259888236 -1.970559566104273 8.4017670852300625 108 85 59 0.30193459289635433 4 125 16 186 19 186
414 -2.1977796014294921 -2.0330418739478868 8.3890158392427718 119 97 73 0.58717824900346316 4 52 16 185 19 185 10 143 5 131 1 279 3 246
413 -2.8029243390787122 -2.853462806619635 4.7102712427177256 144 96 103 0.05569074180826742 12 134 16 145 19 145
412 -1.9692466755574232 1.597832749853946 6.710388997421977 156 142 131 0.73062109114969798 11 34 14 61 17 61 16 63 19 63
409 -1.6838660573869728 -2.4929838328715559 3.596989746688783 226 192 189 0.63379843042519735 4 227 16 25 19 25
408 -3.6985928366156244 -4.0906529574482979 5.7026591463628709 143 143 143 0.10231779330459477 6 208 16 12 19 12
404 3.6857023180821358 -4.0915666412450342 10.978937698426678 158 159 153 0.2198362686337941 7 508 9 855 20 730
403 0.92450571575666773 -3.1290865022000434 9.8787810601013355 181 182 174 1.2447428167077634 11 366 9 841 20 698
401 -3.6288001546617852 -1.2625344666118135 7.6386346128777403 167 169 170 1.9338933979740094 14 567 17 567 9 816 21 723 20 706
400 -3.476716960820923 -1.4695662682921893 7.7008302111758926 193 194 176 0.1358518986150325 14 643 17 643 9 809 21 676
399 1.3888693225050046 -3.2192632815059743 9.9785030745571994 180 181 176 0.78171015220031592 7 431 9 763 20 524 21 643
398 1.1217179578236904 -3.684627509638208 9.4469970919384796 147 150 152 0.38616727865786354 14 605 17 605 9 760
397 3.8300611660285959 -4.0694487627705236 10.996447646636195 153 153 145 0.17520998894094938 7 427 9 714 20 594
396 -3.1108474279407914 0.45528366998353664 8.0618319366373932 86 68 44 0.70147527152442757 7 421 9 702 20 382
395 -3.1108474279407914 0.45528366998353664 8.0618319366373932 86 68 44 0.70147527152442757 7 420 9 701 20 381
393 -5.8351905782853839 -0.86021445864244073 6.7203012223944212 175 172 165 0.55924971862405037 6 366 9 665 1 750 20 541
392 -3.4519683131635182 0.1364357777312743 8.4406579045801529 156 141 122 0.2403487241399834 7 283 9 621 20 196
391 -3.4859694843158904 -0.025661093146957248 8.6480276239814504 161 143 123 0.57189191369548975 14 544 17 544 9 617 20 194
390 -3.577124976831711 -0.10871373956875352 8.7144848589504473 157 150 137 0.41626930696017295 7 280 9 616 21 433 20 370
389 -4.4728378896158167 -0.53264566174024797 7.6987798823283926 144 135 130 0.3426857916150266 6 318 9 613 20 484
388 -5.8841122474270806 -0.74435066983039855 6.7798163110037644 200 195 189 0.5653746475961211 6 75 9 574 1 601 3 532 2 860 9 666 20 326
387 -2.6478397139258631 -1.8492480444804387 8.2001482793783378 193 200 192 0.44909636347579379 6 373 9 555 10 523 5 612 1 264 3 548
386 1.5938120451431175 -3.279077110856762 10.139352000240331 168 164 162 1.6358173314090401 14 557 17 557 9 550
385 1.5273577031738721 -3.3100039345172751 10.080662308952389 55 56 53 0.23692483694958483 7 302 14 509 17 509 9 549 20 285
384 1.4642927698804806 -3.3272865721086244 10.020951944794664 181 181 181 0.68057895604098451 7 230 14 508 17 508 9 548
383 0.88253102931303218 -3.0853712382822196 9.7995710561262559 185 186 178 0.15139674301005981 18 360 9 544 15 360
382 0.76979244834374516 -3.0911795208245429 9.7420347435416232 158 160 155 0.67719322106022861 18 286 9 543 15 286 21 495 20 282
381 4.0747185994389703 -4.282148671151174 11.132549379318863 107 107 110 0.27146933535825929 7 226 9 533 20 427
380 -3.1258505838061859 -5.4034983640239806 5.0893674384915224 158 161 166 1.0300269465348382 7 149 9 515 2 829 3 618 21 565
378 -3.4802027974292558 0.17408856582233923 8.3936861415347686 106 91 72 0.17671628449148177 7 198 9 474 21 436
377 -3.9815418609490636 -1.2006201648880772 7.4830952093764971 103 98 91 0.185390057960896 14 434 17 434 9 411 21 151
376 -2.6601145838349609 -1.8159788638969578 8.193292585011072 141 144 137 0.48273952704354678 6 256 9 375 16 452 19 452 10 377 5 611 13 212 1 307
375 -6.0423240031818866 -0.56200410667095935 6.6676177870169235 125 119 107 0.21095367546702812 14 40 17 40 9 128
374 -4.5012472019387948 -1.0281987261965362 7.2690915012795694 97 89 78 0.18841402059242016 6 135 9 105 20 116 21 147
373 -3.5926339929355025 -1.3632254069927576 7.6407021166146549 186 187 180 0.54956917358693513 7 11 9 78 21 154 1 255
49 -4.8130449686619361 -0.93520273240242224 7.1444184419305907 115 110 106 0.4606812841742241 17 571 7 387 14 571 15 444 18 444 11 219 12 212 4 297 6 309
590 -2.098008846691966 -1.4332955894659993 6.0603484261098348 39 0 3 0.22965874595223335 10 803 5 888
50 -4.4672266907629243 -1.0644804222256004 7.2741180534734431 204 194 182 0.44476733132324814 17 572 7 324 14 572 15 377 18 377 11 221 12 214 4 299 6 486
57 -5.1109008673144007 -0.77970809104274474 6.9734667338662799 154 149 143 0.60971378269616394 17 583 7 340 14 583 11 216 4 368
598 -2.4891091118896074 -1.9137169829361458 8.2758253551134242 185 175 162 1.2429592451519733 6 377 10 525 5 736 12 217 16 538 19 538 13 557 1 630
599 -2.1040760381371588 -2.0782437100010807 8.472181929477518 121 105 84 0.67510790222641326 11 86 4 199 6 266 10 533 5 632 15 282 18 282 12 118 16 382 19 382
58 -4.9587527948080066 -0.83396532949091573 7.0525919493468434 155 152 147 0.86404888370048616 17 584 7 321 14 584 15 442 18 442 11 220 12 211 4 317
143 -5.8364490336230288 -0.76415997976541628 6.7961459883960655 173 170 165 0.6139656755934163 14 575 17 575 15 415 18 415 11 266 4 291 6 509 2 964
684 -1.7252610571328613 -3.0866971983492553 7.9464639996777215 174 167 159 0.92024596977319073 10 750 1 893 3 774
144 0.092173669402190961 -2.6582118099170242 9.3428476036830936 116 117 106 1.3637880243044647 7 308 15 420 18 420 12 275 4 323 6 285 10 664 21 101 20 306
145 1.0817036276314111 -3.1575362152722986 9.8959314426463134 73 74 69 0.1402825202016095 7 300 14 507 17 507 15 421 18 421 11 199 9 546
686 -0.72645557940488714 -2.5663936840243324 9.1527706208634605 165 156 143 0.62218684654248335 13 705 1 926 2 974 21 678
146 -7.2924565487914847 -0.091247367672102619 6.0935887779970752 194 185 168 0.12553613187087148 7 406 15 426 18 426 12 200
687 -0.62237495874322324 -2.5835391509658767 9.1631862698758599 169 162 152 0.33399183596038218 13 706 1 928 3 808
147 -4.9373350318794449 -0.88630067612161834 7.079270668633165 209 205 193 0.56691264260456775 7 323 15 441 18 441 11 218 4 296 9 668 20 454
688 -2.6729031229986826 -1.8328584934756744 8.1452281369860167 192 189 180 1.1462537923881515 13 704 1 941 3 783
148 0.42336005947689248 -1.5348159608979008 10.505828071046711 110 110 102 1.0287257086223403 14 512 17 512 15 451 18 451 12 237 11 172
689 -0.94703363471503754 -3.4480844047403378 8.7110570515142314 148 148 146 0.18662993657256849 13 723 1 958
149 -0.62799046898153466 -2.5884172939469279 9.1809788872704878 186 182 173 0.45633077329357391 14 559 17 559 15 469 18 469 12 270 4 356
150 -0.62627565535563212 -2.5908330334050151 9.1942679072049831 186 182 173 0.35341866775887115 14 560 17 560 15 470 18 470 4 357
691 -0.76601336750689564 -2.5351454677868106 9.0187564667974964 151 143 130 1.6005820955455217 6 605 1 965 3 852
151 1.1508047126234007 -3.1073239770769532 9.8359420242841029 163 160 151 0.3528338405807388 14 608 17 608 15 473 18 473 11 302 7 430
152 -6.8460978527286507 -0.23409757495039654 6.2204085405171812 197 189 168 0.6245343429959237 14 656 17 656 15 475 18 475 11 259 16 571 19 571
153 -4.5377719480856573 -1.0450892889670997 7.2608328188549631 201 199 184 0.65541752337331127 7 389 15 482 18 482 4 298 14 515 17 515 6 485 9 670
154 -4.0157200587582063 -1.2343388194507128 7.4766546120390398 200 197 181 0.41550621929657711 7 379 14 565 17 565 15 483 18 483 11 278 9 734
695 -3.3534155132376182 0.27082077296732876 9.3546130497258666 114 102 86 2.7215231868048027 13 740 1 976
155 -5.3871392133811851 0.54925031010204028 7.9181049931096856 131 127 116 0.54434731178455076 14 664 17 664 15 487 18 487 11 317
156 -2.2838671832048041 1.3191435606126296 7.0188316192695597 121 103 89 0.086884868584650582 14 637 17 637 15 492 18 492
157 -2.2838671832048041 1.3191435606126296 7.0188316192695597 121 103 89 0.086884868584650582 14 638 17 638 15 493 18 493
158 -0.86194156001421207 -3.1521194688369421 8.521554485418724 142 138 129 1.3376526352229914 14 672 17 672 15 496 18 496 12 301 4 280 21 705
699 -1.4663373805854132 -1.5322476464408603 9.2504530491101065 93 78 59 1.3839970106775148 8 464 1 994
162 -6.4764777857887506 0.93504664252767833 7.4301310295361898 133 126 115 0.92743127637094347 14 682 17 682 15 523 18 523 12 314 11 335 4 411 7 501 6 540 9 852 16 610 19 610 10 719 5 836 8 386
703 -3.157689087890811 -5.406143077559987 5.0380819588034402 146 148 147 0.32831697302917134 6 341 3 13 2 475
163 -0.74196989288713644 -3.2791994743485349 8.495830560721954 153 153 153 1.734045941956039 14 671 17 671 15 529 18 529 4 422 3 849 2 1066 21 732
704 -6.44629540585023 -2.0285872034904284 5.3128470203504836 171 172 166 0.2384833962321232 9 345 3 56 21 309
166 -0.53945065726847907 -2.5751935181171688 9.2354392802345728 182 175 167 1.1299381735425389 14 704 17 704 15 536 18 536 12 342 4 446
707 -0.42304806574680121 -2.9913299988950905 9.0205468613565749 151 152 147 0.43427550735084586 13 538 3 168 2 171 1 753
171 -5.7897570544009511 -0.37054261704423958 6.7657159628657828 149 146 139 1.2553809751850991 14 733 17 733 15 568 18 568 11 398
712 -0.82904246025731776 -3.1213286118658399 8.6137977088549995 153 150 139 0.18582877366236272 1 737 3 486 2 144
179 -5.8957770742894144 -0.59805998168191021 6.7163941597083818 172 160 146 1.0331889952948852 7 181 11 9 4 240 14 529 17 529
720 -5.9721881272429886 -0.76271348959194163 6.7161528304341997 194 190 178 0.45936371708849744 9 571 3 530 2 738 21 326
180 -4.4282528246966555 -1.0781114162622856 7.29020965118172 183 176 158 0.46375619854286093 7 15 11 11 12 24 4 118
721 -5.9284427900329426 -0.64794037621682588 6.7728725592556911 109 102 92 0.31539920895184431 1 249 3 533 2 772
184 -6.7037507477155636 -1.7988858595234283 5.2868414497092262 192 187 183 1.0121740195227029 7 222 11 76 12 11 4 18 10 64
725 -1.3044707988431459 -1.153272504109188 9.5630366300979457 47 32 13 0.78801774816623371 1 682 3 591 2 395
187 0.48526881651125708 0.084343415542754652 8.46939290276765 141 136 132 1.9004249916927716 7 197 14 481 17 481 11 114 16 409 19 409
728 -0.3300591572981581 -3.341831808109057 8.8218231035986197 145 146 140 0.31187475008689747 6 356 3 635 2 543 21 321
197 -4.4491163832106508 -1.0294273801693998 7.2785203273274934 148 141 133 0.20962091885809975 14 442 17 442 11 162 4 211
208 -6.3632190427824913 -0.35869062684241293 6.4363661618175882 152 142 130 0.39632483743528762 15 370 18 370 11 263 4 365 14 591 17 591 16 441 19 441
217 -4.9782602855465319 -0.89748249681301728 7.0723838120290834 215 206 191 0.96965275914843219 7 473 11 326 12 290 4 384 20 704 21 719
758 -1.7979443022630017 -1.2490627775547396 5.3400193991067573 128 122 97 1.2212055337705632 13 62 2 82
218 0.20786495311355074 -2.650822924873169 9.3623431732418823 124 119 113 1.0417062044531653 15 541 18 541 11 346 6 592
759 -1.3794839236260172 -2.6093001506034641 8.6074893415886127 124 112 90 0.37162491552606036 1 225 3 162 13 454 2 193
224 0.33556941666177098 -2.899306972318715 9.4739250438738178 183 180 170 1.1777243665226675 15 547 18 547 11 381 4 451 6 606
765 -5.79411309147783 -0.79126697627415488 6.8380843413589307 191 185 173 0.3519098410722496 3 535 2 571 21 382
234 -2.1040221578046934 1.5727258806947315 6.8042886074699895 177 161 148 0.54807194348584731 11 121 12 34 4 154 15 206 18 206
775 -1.9745693780201314 1.6209113874818843 6.7481117989091608 180 157 151 0.98791040500645944 9 285 2 804 21 241
235 -1.6605462372326905 -5.7949242649760571 5.8119765967195294 103 103 101 0.57274367117311098 11 0 12 44 9 6
776 -4.4527021792833628 -1.3614174938658081 7.3257917392638996 189 188 183 0.24849480815430836 6 255 2 853 21 490
249 -2.3458186135737784 1.2550480647365063 7.0900962452138874 116 92 87 0.30120164109976227 14 490 17 490 12 178 16 402 19 402
253 -4.2309696095916562 -3.9807392861807251 5.4138330296810802 148 149 145 0.33365734181969475 15 406 12 187 18 406 6 440 21 567
794 -0.54975778944787168 -2.6529020273496968 9.1946869497478243 102 99 94 1.2120218536841667 13 487 1 335 2 605 3 677 10 542
159 -5.0369977218655286 0.42105564481648239 8.0847651224080721 127 123 111 0.52568145293707091 14 661 17 661 15 506 18 506 12 296 4 413
700 -1.961591996325561 0.85006507850531043 7.7115063752817399 76 60 37 0.50803563956817621 8 365 1 854
673 -1.703609247036509 -3.121587310354387 7.9605821640276027 169 162 154 0.73877505792156406 5 579 13 529 1 731
132 -6.7356747185392063 -1.7714449290408916 5.3107204247936224 198 199 191 1.5408663046654254 7 372 15 340 18 340 4 100
160 -5.5572587920942311 -0.60367769300243201 6.8102889083758305 149 144 140 0.81832912947007075 14 680 17 680 15 520 18 520 11 348 12 288 4 392 10 759
674 -1.9809749708220437 -2.1816175315727717 8.4815529782485122 170 161 144 0.49862220809763724 5 623 1 767 3 665 2 755
133 -7.3110267813094403 -0.14205129389899324 6.1140089746844932 129 120 105 0.53006083416100513 14 545 17 545 15 361 18 361 11 149 12 193 16 434 19 434
161 -4.0576515858720832 -0.65804998410956372 7.9005177933825177 151 152 154 0.90148077404424276 14 678 17 678 15 522 18 522 11 350 9 860 7 497 2 1057 20 746
702 -1.5050240094063878 -1.5788033238052277 9.3219271453103527 93 78 59 2.4745021202367408 10 825 1 995
675 -1.3331069810633083 -2.5618838613916441 8.681077327623715 122 107 88 0.41414518128177347 6 244 10 491 13 553 1 770 2 557
134 -7.3076519137267164 -0.14153459104287638 6.1121664164915597 129 120 105 0.03843601473340949 14 546 17 546 15 362 18 362
164 -2.1191337883182122 -2.7510522087253211 4.5898006375169853 142 121 90 1.3519012459471598 14 690 15 534 17 690 18 534
705 -0.97345144154349017 -3.1462394317026301 8.4789667408990947 157 154 139 0.3947852967524888 1 154 3 114 2 142
678 -2.2441776058207776 -1.9805606575011376 8.3350318797384872 183 176 160 0.20373177770196355 13 609 1 837
137 -6.7999992710023935 -0.20071427125694663 6.2593592006759886 149 142 134 0.49837246879949365 14 537 17 537 15 367 18 367 11 228 7 414 4 310
165 -2.8024667891615818 -2.110372339431934 4.684862533363515 208 212 189 0.45841723350633395 7 466 15 535 18 535
706 -1.4196879567510807 -2.6251921027924183 8.5782375766015395 140 125 104 0.3435085779989932 1 224 3 159 2 164
679 -0.730893493354557 -2.6401616298990196 9.0765524907366224 171 164 154 0.53195310968891218 13 613 1 840 3 668 21 338
167 -2.2268230428459281 1.237804781492736 7.2146946148250901 187 171 158 1.2553662689620542 14 716 17 716 15 544 18 544 16 680 19 680
708 -6.6554341124204903 -0.46095726940786602 6.4474072843718711 161 159 144 0.46617894767036705 9 421 3 191 21 368
681 -6.5839072467420525 -0.3671919629236931 6.4118899550476378 198 192 178 0.27013808413920221 10 754 13 648 1 872 3 753
140 -5.0927254281370899 -0.82941265694165478 6.9926326685842559 205 202 187 0.46857833097481838 14 524 17 524 15 376 18 376 4 245 6 519 16 358 19 358 10 628
168 -0.93055235144742332 -3.3146380474129025 8.3982004245777784 187 187 185 0.64104400294086983 14 719 17 719 15 545 18 545 12 348 21 766
709 -1.6566417203152974 -2.2894239268649024 8.6546672519319898 136 119 93 0.30732612481116101 1 621 10 387 3 254
682 -3.6602110399729106 -1.3193288079899403 7.6116526352614997 144 141 132 0.70602022981889645 8 341 1 875 21 652 2 969 20 603
141 -4.1918401670781549 -1.113406059096538 7.3786226079544983 135 134 129 0.090420431482205785 7 326 15 381 18 381
169 -2.2486685343099473 -2.0238333504502886 5.0006536611195269 199 201 187 1.3840976455520415 14 729 15 564 17 729 18 564 12 356
710 -2.2518480139172961 1.4103866873538262 7.033096197065495 31 17 14 0.32490280957567141 6 189 3 403
683 -0.60279251556451352 -2.658515414931419 9.1397267243729328 132 125 114 0.63640198720998731 6 468 10 715 1 878
142 0.48137111627454809 -1.6370314254480349 10.496955679254956 71 73 70 0.39442090993251033 7 250 14 432 17 432 15 386 18 386 11 232 12 171 4 267
170 -2.499808651955624 -2.6107462720078867 4.547133676148575 209 204 184 0.53440447304547434 15 566 18 566 12 358
175 -2.4413235294151137 -0.01284987697023765 7.110771649057166 109 0 64 3.1054508150093154 14 745 17 745 15 578 18 578
716 -6.3770027387387564 -0.56799638084851423 6.5540290786210846 159 151 137 0.26927826277823674 9 586 3 517 21 372
181 -4.4282528246966555 -1.0781114162622856 7.29020965118172 183 176 158 0.46375619854286093 7 16 11 12 12 23 4 119
185 -4.926802342837604 -0.92526807670647515 7.1114120541353323 121 112 97 0.10546464411737083 14 249 17 249 11 92 6 131
726 -1.3049753204948158 -1.1527568184390493 9.5627839848902276 47 32 13 0.65993306917297057 1 681 3 592 2 396 6 320
186 -3.9721169334923685 -0.75989822063057866 7.8810801539123316 141 136 132 0.69052613828446618 14 258 17 258 11 101
727 -1.3002877112024516 -3.2479559435347145 8.1554178180551489 150 144 130 0.51434805342029954 1 733 3 629 2 710
192 -7.3518866872798219 -0.17083133215835486 6.148125410808662 193 186 176 0.17907522064642878 15 272 18 272 11 148
733 -0.58563569978336172 -2.6371320265698914 9.173691068658929 175 169 155 0.31735889566836373 1 841 3 723 2 757
289 -5.4623501291074241 -0.80535855213030105 6.8867703507953548 188 178 168 0.26750505511394645 15 65 18 65 4 45
830 -5.7098593152336852 -0.83274705368441249 6.8353834637371307 180 176 167 0.22236541589440942 2 861 3 651 21 597
803 -5.8508802436851441 -0.76683200000057872 6.7630804308402839 197 193 182 0.32852131245174265 2 217 21 123 20 96
262 -7.3390716630190926 -0.065865038870418779 6.0676547524177629 195 187 168 0.25043827205468983 15 474 18 474 12 256
804 -5.8099160005859725 -0.6867704717576103 6.8303153790590247 108 100 89 0.43368214011456468 9 591 21 127 20 329
263 -6.3700190101965166 -0.35317266427948218 6.4458564900624591 150 147 142 0.47749768175430995 7 448 12 260 6 514
805 -4.7601787716173209 -1.1426525414922093 7.2692927016581672 174 171 162 0.33043801820611568 2 226 9 382 21 142
264 -1.1910138714551752 -2.2007921372488211 8.712452735292171 91 78 59 0.22777229789005365 15 357 18 357 12 272 16 593 19 593
806 -3.5732737630406297 -1.3414867889083406 7.6892016977474995 181 183 180 0.61186849373988406 2 262 9 81 21 155 20 129
265 -1.1490804852344385 -0.98086614234964697 9.8740070291766777 89 76 57 0.047879111726770673 15 455 18 455 12 279
807 0.49223437035459267 -1.6689659519404003 10.483354363896177 142 141 136 0.1819591984283061 9 172 21 189
266 -2.1326490127741886 -0.56835197468628829 9.3471557161638952 129 99 65 0.93465036397481782 15 454 18 454 12 297 16 556 19 556
809 -4.8398234961084983 -1.3862577094991866 7.0556263990714436 158 159 153 0.092484570401919597 2 552 21 324 20 295
268 -7.1364181442043808 -0.045430363980066446 6.1389984173867562 149 146 139 0.34067261545474581 15 518 18 518 12 304 16 605 19 605
810 -4.6596329070707379 -1.1888038722586813 7.3296847746813931 144 142 134 0.16224313394587336 6 254 21 328 20 110
269 -7.7302827078675751 1.4653920929379738 6.8611029805148664 195 183 167 1.5039389904699296 15 527 18 527 12 311 6 587 5 834
813 -4.4665638123556661 -1.2412254337593263 7.414061975732924 182 182 172 0.30737642305775076 2 745 9 389 21 390 20 315
814 -3.6525469126351231 -1.2372111572708442 7.7108356979656607 193 192 188 0.48967990187630833 9 413 21 395 20 322
273 -1.3632333144001032 -2.2253100754038235 8.7333378437865239 148 119 87 0.37670629946048545 15 514 18 514 12 325 16 660 19 660
815 -3.6525469126351231 -1.2372111572708442 7.7108356979656607 193 192 188 0.48967990187630833 9 414 21 396 20 321
274 -3.144629845746822 -0.67776601617876031 6.1305709370494865 139 135 126 1.7275952918005795 15 561 18 561 12 344
816 -4.47225327357173 -0.53403348155380381 7.7015153503958338 165 160 155 0.32332855550512646 2 779 21 402 20 485
817 -3.966162696226724 -0.73166632397112019 7.916241160446992 70 69 65 0.17578040064135816 9 442 21 405 20 151
276 -1.6608152321710667 0.1928430369326003 8.0979605992380694 103 94 77 0.25312831932198704 15 551 18 551 12 354
818 -3.5427111786270853 -0.85386094156396053 8.1165539318380038 121 118 113 0.53004841580525597 9 443 21 407 20 347
819 -4.9563943780894206 -1.9712986944368662 6.4767695754336145 177 178 172 0.49356388482973107 3 457 9 357 21 474 20 411
278 -2.4173734568929715 -2.3471476155864046 4.9780447414557178 96 0 40 0.98771657566847093 15 569 18 569 12 360 16 700 19 700
51 -4.3940307926504953 -1.0880792365434262 7.3157503233010619 203 199 187 0.24212660889608234 17 573 7 325 14 573 15 379 18 379 12 215 4 247 6 487 9 671
822 -6.2574596857357809 -1.0507530780119498 6.2843763519623224 177 178 172 0.36830689410009443 3 484 9 552 21 483
52 -5.8468282654195693 -0.75864131043653671 6.8062732947389657 179 174 170 0.57522041321143824 17 576 7 382 14 576 11 265 12 197 4 290 9 731 16 443 19 443 21 649 20 667
823 -4.0956527036126591 -1.38558017020235 7.5203832681061975 178 176 169 0.59529482466458405 9 562 21 491 20 298
53 -5.6078161690397081 -0.65356197193691457 6.7793249193132539 208 198 186 0.19258999195716892 17 578 7 395 14 578 15 374 18 374
594 -2.2018593811903653 -2.3950273798892661 4.6741287689433459 28 0 0 0.24682313373410752 10 819 8 453
824 -4.0437790303220398 -1.4270037228527999 7.5720250465763614 164 163 158 0.41838536799576642 2 751 21 492 20 300 9 563
54 -5.3689395666680308 -0.74793731295724264 6.8984110661492188 204 194 182 0.35016686688609888 17 579 7 397 14 579 15 438 18 438 11 273
595 -2.2018593811903671 -2.3950273798892661 4.6741287689433477 28 0 0 0.24682313373416939 10 818 8 452
825 -6.1029503017459454 -0.69868000290508658 6.6915386502180416 168 161 145 0.30602066341491796 2 858 3 524 21 505
849 -4.5234586911669474 -2.2173344654772569 6.547328534333217 153 155 154 0.27391982520003971 6 229 21 53 20 265
308 -2.0491966929215248 -1.9420045735326701 8.3710103684658606 164 149 130 0.92947204327540156 15 354 18 354 4 253 6 269 16 463 19 463 10 535 5 630 3 294
791 -2.167442560805168 -2.1965727253769334 4.3900665708674147 79 1 43 1.2677440651435561 6 639 2 1098
250 -2.3458186135737784 1.2550480647365063 7.0900962452138865 116 92 87 0.30120164109974878 14 489 17 489 12 179 16 403 19 403
850 -3.9425721012600987 -0.62533710662271602 8.0195679704626883 157 157 159 0.1960631311646451 9 455 21 409 20 356
309 0.42165942248874311 0.12617806289949224 8.4801455423539966 141 136 132 1.04840845291524 14 282 17 282 4 271
209 -3.9212081017431237 -1.263028972374757 7.5151055097846537 205 197 183 0.41423974819947218 7 380 11 279 9 727 20 547
750 -1.1415535792729534 -1.4615847708157186 8.7352207215394628 0 0 0 0.4368809735769551 6 644 10 826
723 -4.3623751624577967 -1.2938409862685767 7.440487404856535 213 206 189 0.70447100325171819 9 388 3 544 21 331
792 -1.7876068048868532 -2.2482173271667532 8.5786625003059722 126 110 92 0.56638241842422699 1 905 3 784 2 970 11 247 4 353 6 534 10 741 5 829 8 348 13 689
251 -3.1569740740384749 -5.3758270418234693 5.0763817787188055 111 109 110 0.67694558125910365 7 216 11 239 12 183 6 500 9 513
851 -5.039203305062343 0.40910829960073491 8.1186139289377568 83 84 76 0.26502404032274357 6 433 9 482 20 377
310 -6.7138208515909286 -0.34692176746466152 6.3791435183573642 163 155 138 0.36967851014622605 14 588 17 588 4 286 16 350 19 350
210 -3.845149886773696 -1.2812330525732443 7.5495327643628451 207 201 185 0.49971611851840547 7 315 14 566 17 566 11 281
751 -0.95583517629519599 -3.2720606088500093 8.3991791115052461 122 122 122 1.4181304976562807 6 614 10 797 1 962 3 861 4 449 11 379 10 802 2 1075
724 -1.992670494633654 -2.2081525233003525 8.4658870163065814 149 140 123 0.51171973045946362 5 477 10 147 3 555 2 271
793 -1.6232594041757402 -5.7901540569374212 5.8560477642335504 129 131 130 1.2656402274741712 1 485 3 427 2 482 11 69 12 87 21 18
252 -4.9027636187364436 -3.9745568056279472 4.9403821305769888 154 155 149 0.42704367071278948 7 422 15 404 12 185 18 404 6 439 16 566 19 566 2 909 21 623
852 -2.8195005638120381 -0.54765528860126278 6.1959521972664691 230 73 142 0.21858271758241427 21 335 20 445
311 -6.4234922366254024 -0.56160635436858453 6.5514385458709059 166 162 155 1.4337906342816307 7 439 4 287 6 507 16 515 19 515 10 702 5 786 13 544
211 -6.5562776979616908 -0.28617735783800485 6.3799558908479295 157 147 135 0.68865419342981804 15 479 18 479 11 285 12 259 4 391 6 515 10 619 5 790 8 308
752 -2.0230891148246357 1.66138827189992 6.7512724876963741 72 54 40 0.34450942416156677 6 194 3 699
853 4.5640654981145019 -4.3406068292935709 11.349158246712619 165 167 166 0.26443832918789806 9 715 20 527
312 -5.2453506698508789 -0.78052256026803479 6.9289172282678972 194 186 173 0.31367319728525561 14 581 17 581 4 294
212 -4.0021044969572417 -0.6811480154038847 7.9069603830066706 151 149 152 0.63513003141184787 15 382 18 382 11 288 9 744 2 978
753 -2.0230891148246357 1.66138827189992 6.7512724876963741 72 54 40 0.34450942416156677 6 195 3 700
795 -5.8314653074327554 -0.76659858121582425 6.797181943704298 159 157 143 0.55895125738170792 13 604 1 830 3 755 2 963 15 414 18 414 6 508 16 444 19 444 10 624
254 -6.1830229946365174 -0.45198867023210976 6.5722323032226138 200 193 177 0.25467781179138227 15 432 18 432 12 205 16 442 19 442
854 5.2204520864746895 -4.4837135315355381 11.640934073707806 111 113 108 0.27399758860386153 9 719 20 528
213 -4.4031874649871696 0.19506742086660134 8.3530761085901339 134 128 116 0.82816790623950121 14 595 17 595 11 294 4 326 15 453 18 453 6 493 9 748 21 610 2 939 20 636 3 731
754 -2.3098038403749483 -0.9413867496074384 5.7660258818347723 66 0 14 0.60926195320799859 1 992 3 890
796 -2.4988630950056701 1.1402729249860415 6.9691895376016664 0 0 0 2.2248668074587532 1 849 3 769
255 -4.7045569404814991 -0.93047094853524648 7.1828255043462317 151 147 143 0.19415007293666844 7 388 12 213 4 369
855 -2.7247302769161328 -1.2561711313238664 5.5366716165925425 152 0 87 0.5682914105787048 21 758 20 749
314 -2.4180099436809965 -1.9526832000550485 8.3081813186716982 181 181 175 0.73104110568835923 12 218 4 301 6 458 16 539 19 539 10 636 5 797 1 762 3 657
55 -5.2985956098909739 -0.76489035985019882 6.9197534453528613 205 197 186 0.44829365126372872 17 580 7 398 14 580
826 -6.1029503017459454 -0.69868000290508658 6.6915386502180416 168 161 145 0.30602066341491796 2 859 3 525 21 506
798 -6.5859356237698137 -1.9351096969454007 5.2973193095071105 85 86 81 0.025720359667523604 14 25 17 25 21 45
257 -1.1770221045863019 -2.2535358968672434 8.7702611939330346 148 125 94 0.64176846734800341 15 356 18 356 12 227 16 552 19 552
857 -4.8793629052554914 -0.92642452679280918 7.1450553563954058 169 165 160 0.92933067196004293 17 251 7 245 14 251 15 179 18 179 11 160 12 63 4 190 6 132 9 669 20 455 2 616 21 386
316 -0.64193705497760856 -2.5261632336850486 9.1321481382659222 142 126 103 0.74657879682182848 12 164 4 305 10 541
216 -3.9612478431170897 -1.2019406561030621 7.5037546506442219 133 130 125 0.32108054963612848 14 616 17 616 11 312
757 -1.6462034192228048 -0.5285000211046692 3.6708861241201864 156 148 137 0.38883060751531073 6 578 2 44
730 -1.9789890356059723 -2.1779925618427183 8.4778053518055181 175 166 147 0.54275991383586042 1 768 3 664 2 756
799 -4.4840231564066722 -1.3146487088458734 7.3174447700888381 200 201 195 0.82606346129569941 9 70 21 85 20 81
258 0.4791988282600495 0.12826643889612133 8.5157024432584052 22 11 5 0.6940779387289413 15 400 18 400 12 240 4 272 6 498 10 728 5 843 16 564 19 564
858 1.3269314680622286 -3.8469236532218822 9.5249942728938688 150 149 153 0.59456276507686334 14 691 17 691 9 837 20 728 2 1077 21 760
829 1.5877748979585853 -3.2812109534797296 10.047705643148277 180 180 174 0.41405338302489769 2 875 9 725 21 589 20 525
288 -6.7840053089144607 -1.6641565523859088 5.3163942663546067 100 96 93 0.47387509036304487 15 150 18 150 4 27 6 227
800 -4.4607892334273371 -1.3319678687348091 7.3394452023313645 140 141 135 0.59328479695846126 3 220 9 73 21 88
259 -2.0359665278903281 1.5832438895023966 6.7242862285134795 107 91 78 0.74045808472227836 11 297 15 458 18 458 12 242 4 334 6 543 16 562 19 562 5 771
859 -4.1223268935595572 -1.9644083947009845 7.1056115260571113 165 165 162 0.46564272605815787 2 847 9 528 21 477 20 425 7 232 11 137
318 -0.9069774009895798 -3.1904114264938852 8.4661328141811634 173 174 169 0.67981438460280474 11 299 4 338 6 530 1 916 3 777 2 958
59 -6.6063018479698377 -0.5075565957264988 6.4557395396227477 174 170 161 0.6464819414604116 17 585 7 391 14 585 15 412 18 412 11 306 12 195 6 506 9 777 16 514 19 514 10 701 5 785 8 309 13 644 1 873 3 779 21 683
801 -3.9809354083138682 -1.5201238079148789 7.5547402025208994 204 205 199 0.57353589743520439 2 181 21 89 20 86
260 -2.0383965036982543 1.5862352278995622 6.7349902078069928 107 91 78 0.59350891104704429 11 298 15 459 18 459 12 243 4 335 6 544 16 563 19 563
860 -4.1239145226892697 -1.9655737463826934 7.105628483629701 165 166 162 0.6119763933052883 2 848 9 527 21 478 20 424 7 231 11 136 4 228
219 -6.9280373718007935 -0.23104096399416651 6.2231375925789294 205 193 177 0.73528322945586888 15 519 18 519 11 347 6 553 10 753
760 -4.8074728913545304 -0.94011772797137094 7.1500939100712397 53 43 37 0.50649533728862184 9 102 2 224 20 106
831 2.1582870804137686 -3.4992705548383483 10.308292286675622 183 180 171 0.3911400027799723 9 764 21 679 20 593
290 0.45641356674953704 0.10291020726083699 8.324391725366338 134 130 127 2.2597092939890207 11 25 4 78
848 -2.1494063956760048 1.090000242367076 7.3868249595794664 135 128 123 0.072214130372231691 21 230 20 215
307 -2.3139917924058202 -1.9823669864972198 8.366157115903345 165 165 157 0.81900868542716343 12 220 4 250 16 455 19 455 8 313
207 -1.1781397448106155 -2.2618137651074433 8.7885054368441153 160 131 97 0.27632917746935609 14 562 17 562 11 254 4 355
802 0.9094732114692804 -3.1066792811289963 9.7802308133581164 169 170 162 0.25400291926000867 2 761 21 103
261 -2.0006528237637058 1.5838200882980642 6.7476134302443516 188 172 159 0.72185734174925087 11 238 12 244 16 490 19 490
861 -2.5831751743532578 -1.8145037936985089 5.2759844715099113 211 202 187 2.078420289629876 21 789 20 790
320 -0.29046435535071186 -2.7199029780615875 9.3007208059390045 162 157 151 0.39852244103394918 11 250 4 359 6 513
220 -7.6532069290133924 1.335725938498626 6.8361967439552327 142 136 129 0.29657589306360349 14 685 15 508 17 685 18 508 11 351
761 -2.0446390325611197 -1.9319137293388939 8.3577837164042972 188 174 151 0.39284152037403564 3 296 2 272
734 -1.978816290384861 -2.417106277465833 4.271700304881529 134 117 91 0.95365513369191446 1 856 3 741 2 908
832 -6.6069469166409869 -0.50872247301854601 6.4583798273344915 170 162 149 0.29548087515735733 3 780 11 307 21 684
291 -3.3145682087500479 -3.4679984810979536 6.514486302171747 136 136 134 0.34856140840267624 14 220 17 220 4 97 16 333 12 51 19 333 5 401 1 58
788 -5.7268844623202142 -0.71502980258625548 6.8276906486539737 195 189 176 0.82239155520125296 3 805 2 1038 21 736
247 -6.8631792238868918 -0.35375653328345502 6.3719279575646555 196 192 183 0.45533815109320802 11 150 12 150 4 284 16 348 19 348 5 442
847 -4.8023139615635007 0.32412107593427641 8.1766530858465938 132 127 123 1.1003313637343488 2 647 3 363 20 207
306 -6.4358898352246205 -0.36565184195617428 6.4310381634489744 186 175 163 0.22556565021863303 15 431 18 431 4 239 16 353 19 353
206 -0.67440300533018005 -2.6367521447854414 9.1058444258508509 152 145 129 0.50919353263850475 15 358 18 358 11 249 12 269 14 558 17 558 6 535 10 757 13 692 1 927 3 786 2 973 21 639
846 -4.4231641313406111 -1.3342781055096724 7.3642692495472666 189 189 187 0.25952817600824596 2 240 9 387 20 83
305 -2.0483183149286668 1.6053577610515903 6.6962361624433289 174 156 146 0.55877673583087717 12 131 15 319 18 319 4 225 16 405 19 405
205 0.48052742377313995 0.12644068081050652 8.5247315610302152 10 2 12 0.39935289182898737 7 282 15 401 18 401 11 237 12 241 14 483 17 483 4 273 6 499
746 -3.0463945257118192 -0.2499183692565895 5.514424377240065 199 195 186 2.2618811817217863 1 988 2 1100
719 -5.9849621130513011 -0.73934096666807614 6.7292855920494663 157 150 131 0.49160321090852688 9 398 3 528 2 739 1 599 21 507 20 450
845 2.6255512807421879 -3.788058503726714 10.498283874418251 182 191 186 0.66584051190765814 9 59 21 499 20 78
304 -5.268824916763907 -0.73820997461500526 6.92282306321348 138 135 126 0.13615707336816429 14 449 17 449 4 206
204 0.48101973214647153 0.12491570342720509 8.5270454698237153 10 2 12 0.32162782876211482 7 281 14 482 17 482 11 236
745 -2.8738798680479185 1.0994893456740642 6.6037937552901802 181 165 150 1.1388816980668155 1 977 3 879
718 -5.9842138742741762 -0.73790837848066038 6.7275788544235926 157 150 131 0.4722967046878459 9 399 3 527 2 740 21 508 20 451
843 -4.9106225910905943 -0.93939186996916657 7.1157520546853883 113 106 97 1.141320769295221 6 130 3 540 21 599 17 619 7 384 14 619 15 443 18 443 11 275 12 264 4 351 9 732 2 925 20 600
302 -2.1829294334798641 -1.9475774405041344 8.3703977346308243 127 110 97 0.67501243650332066 15 170 18 170 4 201 16 380 19 380 10 145 5 492
202 0.72007647132276253 -3.200083731596493 9.6561218107195224 184 186 181 0.30234556530611495 15 343 18 343 11 198 6 455 21 487
743 -1.8022651426715044 0.45796059028468572 8.3453571106530475 102 95 79 0.31536428300953778 5 891 3 870
840 -2.4054137052046265 -2.2100712602075725 4.5161990175917799 117 1 73 1.2792849933281816 9 894 21 785
299 -2.3150960617716114 -1.9035485157248613 8.3647365344223008 134 120 111 0.67013224400898952 12 117 4 195 16 377 19 377
199 -0.20659710494184652 -3.5100475992952469 8.7461437959085782 142 142 142 0.44831430538239159 15 410 18 410 11 192 12 246 4 230 6 450 10 691 3 713 2 712 21 480
740 -2.4314347218371437 -0.63037925085346469 5.5227432868678248 181 114 167 1.4374872045281892 1 895 3 825 2 1035
713 -1.8264391351619744 -2.492667737630073 8.3612274016111456 149 142 123 0.54171198315738445 13 536 3 496 2 546
837 -4.0166557391484075 -1.2717556900855755 7.4763397363175477 199 196 181 0.99228871522938 2 1040 21 721 20 733 9 858
296 -2.4023990232147532 -1.9954671549335177 8.3018964651658855 148 149 143 0.51442143583813815 12 64 4 120 16 374 19 374
196 -4.8894532720620427 -1.0065981220481026 7.1774604057176088 205 195 183 0.72999569371557904 14 514 17 514 11 159 12 115 6 369 9 403
737 -2.3824102878948326 -2.1645235145326032 4.390592048959987 147 51 115 2.7688882542766766 1 857 3 772
836 1.1552208919330702 -3.709308226787607 9.4978174064214116 155 155 153 0.51490688944501339 2 1036 9 800 21 706
295 -6.0331824375017886 -0.58410208120617069 6.6654211197793787 195 185 172 0.42389848669642466 14 41 17 41 4 114
195 -5.7543400453809532 -0.57311270908205048 6.7088265056187577 153 146 128 0.063525682335474981 15 372 18 372 11 155 4 258
736 -6.2718235971645964 -1.034275857517061 6.2843100534828293 178 175 168 0.27572069131769322 1 812 13 533 3 749
835 -4.1407890249710988 -0.65713606534069768 7.8533097082041943 157 159 158 0.25616206101118444 11 287 21 689 20 629 9 743
294 -6.0353640823710304 -0.56107773094010571 6.6614139199095748 156 146 136 0.37533536837927439 15 173 18 173 4 112 6 120 16 166 19 166 5 90
194 -5.8300925384914732 -0.70419282951504825 6.8108585758710642 203 197 185 0.3635944335613383 7 332 15 276 18 276 11 153 12 107 4 241 15 348 18 348 6 304 16 354 19 354
735 -6.2780927484082412 -1.0362378728586032 6.2867791555098114 178 175 168 0.31159969804440496 13 534 3 748 21 634
834 -3.6143675654625174 -1.4009679379275544 7.6389571971641725 200 199 179 0.83672153967123275 9 770 21 687 20 602 7 435
293 -7.2643671576683788 -0.15231284382590443 6.1779443043577933 165 157 144 0.14364291176218 15 171 18 171 4 111
833 -5.1046865111977944 -0.866273416646825 7.03642426671842 211 203 190 0.44233051612248264 2 966 21 686 20 599
292 -6.6743489724964276 -1.7909023262755714 5.2917442644926522 78 73 69 0.33207544203649708 11 130 4 102 6 223 10 305
56 -5.1976914764271349 -0.74428583827855688 6.9412839603317371 156 152 144 0.53308285170318681 17 582 7 399 14 582 4 367 16 527 19 527
827 -3.7646033523938565 -1.320520106241184 7.5806112476875454 207 203 191 0.3600007832318588 2 596 9 565 21 514 20 460
286 -3.3307279227553193 -3.4699161252661783 6.4989353497162554 185 185 183 0.54750256150573484 14 16 15 40 17 16 18 40 4 15 16 144 12 10 19 144 10 33 5 16 1 57
787 -4.5027963396237833 0.22771476164859361 8.2986133445511392 114 104 95 0.60252124288179532 3 811 2 1013 21 695 20 681
246 -2.2318399199330772 1.3250137198745002 6.9785453664137318 169 152 144 0.56298785108581662 14 553 17 553 12 129
785 -2.4732148037659343 1.1306855847023498 6.9168800493164957 183 139 187 2.9713898902230795 3 768 2 990
244 -6.7962778419926 -1.6658308687993566 5.3190270150937549 158 159 153 0.35428345237466663 11 134 12 95 5 409 16 330 19 330
784 -4.5783046849016653 0.25323040823519127 8.2772262856410528 120 110 100 0.23644257824299281 3 790 2 989 21 658 20 635
783 -4.6576109863082769 -0.072669553551375943 7.9407509941708128 117 108 99 0.19742076003744047 3 763 2 985 21 657
782 -4.1399211368047064 -0.65344606705348818 7.8448865609745182 146 143 144 0.3981127949085132 9 742 11 286 2 977 21 688 20 628 7 403
241 -1.985823539029 1.6080667868345087 6.6949193536406186 175 161 148 1.5229730459613977 15 207 18 207 12 80 6 340 16 210 16 211 19 210 19 211 10 437 5 258
781 -0.99370449081473045 -2.5564885158799875 9.1563702357545989 161 145 120 2.2910809019302492 3 807 2 972 21 677
240 -5.7874538488909844 -0.59662181267468661 6.7424692342843988 154 148 132 0.39211283484477905 15 178 18 178 12 62 4 186
780 -4.7314762591466861 -0.98098007035899004 7.173211831867893 196 189 173 0.5773963838056283 3 757 2 926 20 545
239 -5.7874538488909844 -0.59662181267468661 6.7424692342843988 154 148 132 0.39211283484477905 15 177 18 177 12 61 4 187
779 -5.9947902795343673 -0.76461909512739257 6.6957046413452161 186 182 171 0.47897709112809039 1 749 3 754 2 921
238 -5.7768510668510658 -0.63804605893307675 6.6699558347413426 179 171 160 0.90206842069133708 15 176 18 176 12 60 4 116
777 -3.9039729408941297 -1.5853498300739464 7.5575003656711619 172 173 167 0.55650187907260784 9 554 2 854 21 493
236 -1.6588231261090081 -5.7980233246391171 5.8184945029453248 103 103 101 1.0487131166671242 11 1 12 45 2 12
774 0.47759188324576723 -1.6437475106463673 10.49901503708973 4 3 0 0.55762033974639003 6 431 2 788 21 423 9 446
773 0.47693032321927098 -1.6416662744028732 10.48801017279032 4 3 0 0.7537720076610922 6 430 2 787 21 422 9 445 20 358
772 -4.6094292903562319 -0.31683424392699622 7.7868148554294008 81 72 63 0.35043863887370819 3 580 6 145 2 785 21 174
771 -3.6398886927559846 -1.1659702192111077 7.7510664397168165 165 160 156 0.66405113667236826 1 628 2 773 21 400
256 -2.0859510805771095 -2.0278414854976536 8.4376497714351455 150 122 92 0.9025208788008996 15 353 18 353 12 223 16 541 19 541 10 534 5 631
770 -0.31842773684208425 -3.3784732423608537 8.787300301215641 146 147 141 0.50879482382958718 3 634 2 719 21 318
229 0.52860284502039701 0.14953493674879453 8.9904200442372577 143 138 137 0.32776021362903934 15 317 18 317 11 115
769 -3.9595054941534626 -0.7570919427630044 7.9178591462856023 137 131 125 0.3108178236611181 9 162 2 628 21 166
228 -2.4022423431391124 -1.5491870421783602 5.2561696227888994 211 210 189 2.1824598198648557 7 556 11 404
768 -4.616373749567261 -0.98261561270451836 7.2201796114262207 114 107 99 0.563218473656528 3 279 2 618 20 114 9 404
227 -5.2802849039384112 -1.0707940845773787 6.7891598555232742 197 193 184 0.86730149171586268 15 571 18 571 11 401
766 -4.3575033216612304 -1.2913985426896022 7.4355011945266956 197 195 183 0.56423832117821104 3 545 2 583 21 332
764 -2.4281545722465117 -2.1950740133234192 4.6066888531965899 151 23 110 0.29338377558594497 3 433 2 491
248 0.48141536762253456 -1.6376636771313651 10.503001790705875 67 68 62 0.65386333101720451 11 231 12 172 4 268
762 -4.6517937349737108 -0.96197735774159632 7.1985530893476621 121 110 106 0.3469961161926533 9 108 2 357 20 113
221 -1.9380663466176853 1.228328125763551 8.1414457302853211 132 130 133 1.8295660416766986 17 636 11 353 14 636
755 -2.3098038403749483 -0.9413867496074384 5.7660258818347723 66 0 14 0.60926195320799859 1 991 3 891
237 -4.390456015639562 -2.3018203037962697 6.5408840694446582 164 165 160 0.49722800241609072 15 156 18 156 12 55 4 107
744 -0.75647870742511247 -2.5510750783838283 8.972799861270099 0 0 0 1.3633131465803503 1 973 6 622
203 -7.2794388392423937 -0.09240855771567702 6.0814833865997295 194 183 165 0.46255606915903852 15 427 18 427 11 227 12 199 6 407
742 -2.0308378239662912 -2.5628344324135384 4.2557475717452249 175 175 175 0.55873229959272319 1 966 3 866
201 -0.32362515636062772 -3.3323837481715795 8.7407652786563492 155 155 153 0.10722576690601532 15 342 18 342 11 196
741 -1.8924426524876661 -0.69204247446905631 6.4974474396039961 197 194 179 0.64030720203377212 1 951 3 851
200 -0.32487217439027843 -3.3453026228725737 8.805583021879416 155 155 153 1.3104552017683695 15 341 18 341 11 195 12 191 10 692 6 452
739 -2.4314347218371437 -0.63037925085346469 5.5227432868678248 181 114 167 1.4374872045281892 1 894 3 824 2 1034
198 -3.7239430426392963 -1.3027249206781304 7.5970097588724048 122 120 119 0.8472113175227548 14 435 17 435 11 163 9 566 21 516 2 597 20 320
222 -6.1195876733279606 0.94251693383002511 7.4980242494439135 190 180 163 1.7979114782593004 7 530 11 361 12 329 4 426 6 573 9 875
215 -5.7822228255661976 -0.73936536693450505 6.8493484337234483 201 196 184 0.6640124632671569 15 466 18 466 11 309 12 263
729 -0.031589409979127056 -3.1850854988680957 9.139436052583477 152 152 152 0.54899209065318688 10 487 3 644 2 549
717 -6.3554222169188641 -0.59003864313892262 6.5916855829529837 164 156 140 0.59720500576199642 9 425 13 445 3 519 21 373
715 -6.5150019723154005 -0.52477183340759082 6.4897290735538204 140 135 117 0.2934790443100922 1 240 3 515 21 116 9 122
714 -6.7787763689074279 -0.40882647886131751 6.4132093221967308 155 153 141 0.17629239066984212 9 420 3 514 21 365
48 -3.6114638980037976 -1.2210349060998573 7.7186369842701668 132 134 133 0.59802340395485809 17 568 7 317 14 568 9 673 21 653
589 -3.1994231219375475 -2.8289107764937875 7.0361036549381915 151 152 146 0.80868758139192631 16 675 19 675 5 880 13 721 1 952
47 -3.5275501161565868 -1.4433050720402738 7.7288835273951868 196 192 180 0.00014920904546905284 17 563 7 239 14 563
588 -2.0720002277135152 0.34502019164922826 7.7959640459307957 141 111 85 2.4250586199716748 10 784 5 877
46 -4.2321204265418944 -3.9790912459882684 5.4161166447965261 155 155 155 0.71264487139600008 17 554 7 367 14 554 15 405 18 405 12 186 11 241 4 277 9 707 16 491 19 491 5 683 2 836 21 566 20 500
587 -7.548555550758727 -0.065354865549755392 5.9988344716585882 189 180 163 1.1798052655309896 10 779 16 667 19 667 5 872
45 -6.8890436780583357 -0.17063839727974048 6.2111190426667449 150 143 135 0.15780519840983301 17 548 7 413 14 548
586 -9.0097081008253923 0.43912490200870313 5.3984092872226332 194 185 168 1.1312806748635087 16 664 19 664 5 870 8 408
44 -3.4925669996562987 -0.14255738377881205 8.7303424519088804 107 103 92 0.4080556559734424 17 543 7 363 14 543 9 747 20 632
585 -9.6859590155943245 0.69253176106172865 5.0108876899254788 195 186 171 0.80103928333814944 16 663 19 663 5 869 8 407
43 -6.435231926451209 -0.36549881051004202 6.4347363880165371 204 192 177 0.23888089417468847 17 539 7 348 14 539
584 -10.276895624289523 0.89351064412285652 4.6944364986358185 191 181 169 1.2640915514259354 16 662 19 662 5 868 8 406
42 -6.6662740329253349 -0.24508060123706024 6.3123292344733075 149 145 133 0.78716975508916653 17 538 7 347 14 538 15 291 18 291 12 204 11 316 4 311 10 502 5 719
583 -7.8884574101001865 0.059901462189846766 5.8541384235253684 198 185 170 1.1469957547425029 10 767 12 320 16 649 19 649 5 861 8 410 13 686
41 -5.0489134149799044 -0.8107190412023777 7.0209487619516118 148 145 136 0.7492610920672782 17 525 7 385 14 525 11 311 12 210 15 439 18 439 4 316 6 484 10 517
582 -11.314330194108038 1.2757798646195933 4.2114735914942631 194 179 160 1.4372959636330502 16 646 19 646 5 859
40 -5.3983546000090543 -0.69808971657217511 6.868547403350787 144 140 131 0.54011092283805229 17 523 7 337 14 523 15 437 18 437 11 214 12 153 4 261 16 526 19 526 10 515
581 -7.0274970560290093 1.1114736206805138 7.111955388578302 140 132 120 1.4772322450804258 12 312 5 854 8 384 10 775
39 -5.7888383061333952 -0.67603195451465348 6.7977873713232393 118 111 103 0.87158235223766001 17 521 7 333 14 521 11 212 15 416 18 416 12 207 4 292 6 305 16 522 19 522 10 358 5 725
580 -12.107836368662001 3.0342099684324393 4.9287866972268608 193 169 144 0.27424135515859377 16 625 19 625 5 852
38 -5.8439162338677857 -0.66189290089398412 6.8006985406098472 97 96 91 0.24530301282255196 17 520 7 334 14 520 15 347 18 347 11 211 4 242 6 303
579 0.47679327080386186 0.13095989203713432 8.5210574086043565 6 2 5 0.89474691465292455 16 565 19 565 5 844 10 729
37 -3.5373023735352684 -0.88420345357359975 8.060403539162202 119 117 112 0.075802527665128433 17 517 7 341 14 517
578 -2.419849659458897 -0.44626842766868391 9.1549199677162019 155 147 128 1.8873542283443665 6 557 10 746 5 840 8 360 8 389 13 680 16 618 19 618
35 -5.9808918330295811 0.93731946578321101 7.4497789848075584 177 161 146 0.011668781653919573 17 488 7 365 14 488
576 -12.272490773917305 2.9428076441931088 4.8825539565788318 103 94 79 0.11430058628132589 16 624 19 624 5 830
34 -6.2363271291610021 0.93776719320993418 7.4594180818038396 167 151 135 0.27028531436451952 17 486 7 291 14 486
575 -10.503389174490223 1.0524685004878749 4.62673808997965 149 138 129 0.79560222045703632 16 599 19 599 5 821 13 641
33 -3.4784773329203391 0.17590907678261747 8.4005317357121996 150 134 118 0.053159748173340682 17 475 7 199 14 475
574 -11.130318672814724 1.2670503533377766 4.3422218492156599 151 141 131 0.64178773827121394 16 598 19 598 5 820
287 -6.5860105414055132 -1.8867354711702897 5.2634923700258325 146 143 138 0.64283814024923724 15 154 18 154 4 21
30 -5.6995331592937495 -0.58807049271277223 6.8090534326238981 155 148 138 1.8128621839113452 17 460 7 260 14 460 12 152 11 213 4 315 6 422
571 -9.0997159859554948 0.6051318920065063 5.2306291206513844 151 143 132 0.52555110971588992 16 505 19 505 5 782 13 599
270 -2.1099315140048409 -2.588488320593195 4.8220104323928989 69 1 18 0.55933821444015808 15 462 18 462 12 318
13 -5.3353938360350162 -4.1731933854212881 4.470483998776527 166 166 166 0.58344126292647458 17 415 7 218 14 415 15 13 18 13 6 205 9 516
554 -2.3678410268301886 -0.95903943823204096 5.1087371154977639 104 14 46 0.17702891514573416 10 737 5 601
12 -7.2393398049189752 -0.15513608920594751 6.1475402078755703 175 167 153 0.081928031923369213 17 278 7 278 14 278
553 -8.0100254804202162 -0.020087475657521836 5.7952575734620169 123 118 112 0.26336206471860402 10 616 5 587 13 542 1 748
139 -5.7620909614665177 -0.57109736011922418 6.7171524136438192 149 144 132 0.35888994250701323 7 257 15 373 18 373 11 154 4 259 6 302 16 169 19 169 10 357
11 -3.5914194595722946 -0.13461937697273205 8.6954241106874139 127 123 112 0.61131936029509437 17 272 7 193 14 272 9 463 21 432 20 369
552 -3.1285114890792114 -2.9674019169548531 6.9872418592419434 148 148 147 0.47336170988146797 16 340 19 340 5 575 13 403 1 521
267 -1.9964139058028469 -3.3929495539305412 7.4873360718803532 134 135 127 0.32206650078187238 15 511 18 511 12 299
10 -3.9705500585343634 -0.76011600150003833 7.8693681520899164 139 133 133 0.73608789211434733 17 259 7 265 14 259 15 302 18 302 11 102 2 935 21 604 20 560
551 -2.765743483313813 -1.8147250261796715 8.1611297727747107 188 187 183 1.2619947354068166 10 376 5 466 8 288 16 534 19 534 1 262
9 -5.502111690848662 -0.77007981796482328 6.9154414087608869 126 120 106 0.32778792529551698 17 256 7 185 14 256 15 166 18 166 11 156 12 110 4 189 16 171 19 171 10 362
550 -8.4796719842311177 0.33605873987657608 5.5284958967095754 132 122 120 0.33171610573259619 10 345 5 432 13 150
136 -6.9306502320217191 -0.2800230074703503 6.2990800201380619 124 118 106 0.4179159715513634 7 345 15 366 18 366 11 207 4 237 6 414 12 149 16 437 19 437 10 351 3 183
8 -5.5025038055704609 -0.77116990998009405 6.9152541628398492 126 120 106 0.21342987347093259 17 255 7 184 14 255 15 165 18 165 11 157 12 109 4 188
549 -1.9795592886981559 -3.3934153613427065 7.4859676684593266 115 116 110 0.75867925930261149 6 40 16 345 19 345 5 416
135 -6.9311840844959569 -0.28003108345270289 6.2998540774575496 124 118 106 0.40574961123892872 7 344 15 365 18 365 11 206 12 148 4 236 6 413 16 436 19 436 10 350 5 439 3 182
548 -6.9878696524827646 -1.595082230448011 5.3023904251296363 112 107 104 0.35078778037750014 10 473 5 411
6 -3.5703110709486872 -1.1899761433569656 7.6549655102129321 149 150 145 0.93323203968174206 17 244 7 169 14 244
547 -1.9793067725449196 -4.5970567629313424 6.5567550180518932 133 133 133 0.060794794189668468 10 282 5 395 1 26
5 -3.9612881303364014 -1.5074257552294434 7.5439629376832968 171 171 171 0.35674923122648861 17 239 7 162 14 239 11 83
4 -5.9067243137788754 -0.5721248577214908 6.6864690690522322 169 160 145 0.33325959699819002 17 46 7 25 14 46 15 70 18 70 12 22
545 -2.1935063639389027 -2.065969054234956 8.3935641563984511 153 145 132 0.33033416398798798 6 261 5 132 1 618 10 142
131 -1.9966345369051179 1.5816610251082719 6.7156682681704609 181 169 155 0.17030955605825079 14 494 17 494 15 320 18 320
672 -1.3599221170308411 -2.4017017808654133 8.7935092887028556 119 101 84 0.43074179839690263 13 479 1 640 3 556 2 280
3 -6.0024681287803014 -0.57408661835565789 6.6786897876419529 151 142 129 0.28082530902399611 17 43 7 23 14 43 15 69 18 69 16 168 19 168
544 -2.2190116257643915 -2.0437946583412425 8.3845714254642854 179 171 160 1.0591647827453636 4 51 5 130 8 21 1 278 3 245
130 -2.2647082210312468 1.3835082555697538 6.9625835093551931 187 171 158 0.62514716220707967 14 493 17 493 15 318 18 318 12 78 16 197 19 197
671 -2.7162409277851274 -1.7734420016259209 8.1217485021180078 32 28 19 0.54996578413327701 13 211 1 629 3 228
2 -5.4850141999175772 -0.75238601225326951 6.9050321535173262 199 189 177 0.29678637324507851 17 37 7 26 14 37 4 46
543 -2.7608313714817929 -1.7562627476784494 8.0976874457798083 64 60 53 0.41519833477623502 10 137 5 122
129 0.485863367196123 -1.5579556646861814 10.564351019548983 115 112 105 0.25602605755349733 7 252 15 311 18 311
670 -3.6084853194122344 -1.2570281993899786 7.7040504250530679 189 191 178 0.69011838002450587 5 149 1 627 21 156 9 416 20 131
1 -4.7249498433375123 -0.93240695667552109 7.1574779977799725 144 140 131 0.40533647200245604 17 36 7 246 14 36 4 208
542 -2.070964501992667 -3.2855595083156528 7.583074608512189 129 130 124 0.26484093039387374 10 72 5 41 3 78
128 -6.5644906750948087 -0.39994474698863997 6.451876613018487 172 162 150 0.2015590517542275 14 456 17 456 15 293 18 293 4 180 6 297 16 351 19 351
669 -0.88856720760536101 -2.8885935089861805 8.7391424151179553 128 121 111 0.46918253297485357 5 458 1 584 3 504
271 -2.1313063940536141 -2.5891561651820414 4.8896632627862164 69 1 18 1.4254983021633654 15 495 18 495 12 319
15 -4.4604572599448469 -1.3283853083587025 7.3372383530949961 167 167 165 0.70408332390552508 17 433 7 167 14 433 15 277 18 277 11 144 12 58 4 176 20 296
556 -2.573091824398174 -1.8126981536481268 8.2369513291104592 152 141 137 1.3546963044992308 10 378 5 626 8 255
16 -3.6519862346873042 -1.1702852518535241 7.7483363426365255 159 158 157 0.37615453054009906 17 436 7 249 14 436 9 581 20 333
557 -2.2241387916501325 -2.0000029481190023 8.3830465255237812 168 162 146 0.65718301861693074 6 380 5 627 13 470 3 552
17 -4.9241333135298184 -0.99517102285145875 7.1357363191447538 210 204 190 0.58911861284179667 17 437 7 244 14 437 4 246 9 401
558 -2.10831398542819 -2.0766695328706111 8.4682528023661554 105 91 72 0.43486801261336411 6 267 5 633 3 248
18 -4.9471368003661746 -0.95450113403258097 7.117120394053031 210 203 189 0.24794723000288776 17 438 7 174 14 438 15 168 18 168 4 117 6 129
559 -4.2341626707852207 -3.9770579389834499 5.4168812553847605 145 145 143 0.60554354320539516 16 492 19 492 5 684
19 -4.9103422389693696 -0.85721408061036819 7.0777102918468637 152 150 138 0.84330941710079366 17 439 7 176 14 439 15 299 18 299 11 93 12 114 4 207 6 133 3 278 2 356 21 138
560 -6.8976993658210661 -1.6477957744903011 5.3024770499193341 186 181 177 0.091107081732544781 16 493 19 493 5 690
20 -4.4944372755358879 -1.0181016819166153 7.2561894230643835 137 133 125 0.34480822869008687 17 441 7 247 14 441 15 378 18 378 11 161 12 157 4 262
561 -2.0708534886884165 -3.4112003269654028 7.4132531541357451 173 173 173 0.16072899689963979 10 466 5 691 13 523
21 -5.813376801310616 -0.78122431895812006 6.7806228413790741 172 169 165 0.5454787082945074 17 446 7 318 14 446 21 596 20 543
562 -9.410393451538468 0.70592424073859872 5.1115355676505008 152 143 136 0.40084616323319711 16 424 19 424 5 705 13 643 1 818
279 -2.4114408394123208 -2.3425705454045644 4.9605163359739688 96 0 40 1.3439169266471838 15 570 18 570 12 361
22 -5.814629009846719 -0.78168627926575684 6.7812031466182177 172 169 165 0.56883033621673473 17 447 7 319 14 447 21 595 20 542 9 573
563 -9.3236693644226758 0.64440359386950485 5.1420510980556147 202 192 180 0.43580769148067616 16 504 19 504 5 706 13 540 1 744
23 -5.5344289732878096 -0.67012746019124481 6.8096264596556058 204 195 184 0.17288622161455083 17 448 7 258 14 448 6 307
564 -5.9292289120365265 -0.55039107944810106 6.660205499338641 199 192 174 0.84113089973155142 10 507 16 520 19 520 5 724
24 -3.9673267403719792 -0.80222444778626778 7.8355562955422586 101 95 95 0.37890891149153338 17 450 7 264 14 450 15 301 18 301 11 166 9 603 21 520 20 346
565 -5.7496534359914389 -0.63070207516699617 6.7847519798023734 195 186 169 1.7553600683098913 10 511 5 729 13 190
25 -3.9669825106247085 -0.80262538641182757 7.8372845239818156 101 95 95 0.19050164951784634 17 451 7 263 14 451 9 604
566 -2.4899706336774874 -1.7461197862568874 8.1560402223971078 106 98 94 1.3249297032208662 16 587 19 587 5 742 8 317
26 -3.9669177279496188 -0.72357960308734437 7.8975295740049374 103 97 97 0.3622513551062882 17 452 7 186 14 452 15 307 18 307 11 168 9 441 21 404 20 152
567 -2.3902183713592557 -1.9154399811346732 8.307541984662663 32 30 31 0.54962419122305017 6 462 5 743 13 558 3 567 1 308
27 -3.5747612300947038 -0.74230986771823504 8.2035520572209251 149 152 145 0.056102070867909332 17 453 7 266 14 453
568 -9.5781233653510345 2.0034976012381995 6.097489068829864 140 134 120 0.548757063620539 16 524 19 524 5 750
28 -6.5657383539804917 -0.4000779596361006 6.4529889785989445 158 151 135 0.23234165931976969 17 455 7 270 14 455 15 292 18 292 12 105 11 152 4 181 6 296 16 352 19 352
569 -2.5060137074697182 -2.3471304117414924 4.3065252259105913 184 100 122 1.0158643230649258 10 593 5 774 8 184
29 -5.7942672823971488 -0.57875710683691273 6.7002684087499489 200 188 176 0.097954830104620624 17 459 7 183 14 459
570 -2.0774146092216097 -2.4257037262677561 5.1404206389149509 147 136 114 2.5636576041152255 10 295 5 775
60 -6.2300487952799823 -0.40049069980543095 6.5436513745566414 151 147 138 0.4634179063471639 17 586 7 402 14 586
601 -1.9828386582051261 -1.8910987642537886 5.3215034599615638 128 109 79 1.6901391603738907 5 896 8 450 3 877 10 815
61 -6.0861999722183056 -0.48369051882331265 6.5673739085535301 208 196 180 0.33137325034193715 17 587 7 393 14 587 15 433 18 433 4 288
602 -2.1306438628687867 1.3090484923181269 6.855449732958502 96 91 69 2.1026423632107489 10 433 8 28
62 -6.7404991978003963 -0.22403214293478491 6.282640376465781 149 144 132 0.41927151182449934 17 589 7 400 14 589 15 369 18 369 11 229 12 203 4 285 5 596
603 -0.73777004606720675 2.6533011029239169 5.0849083261854613 186 173 162 0.67882607245471294 19 276 8 128 16 276
63 -6.2767580263384737 -0.37673368331166057 6.4578710051763828 151 148 141 0.2866702674667258 17 592 7 351 14 592 6 300
604 -2.0275141760708291 -2.7627974763164502 4.8097497079005267 124 104 107 1.7792468365527123 19 32 8 185 16 32
64 0.099942436292228862 -2.7274889369470303 9.3792660376314778 184 180 169 0.73337668466313177 17 610 7 432 14 610 15 497 18 497 11 301 4 390 6 536 9 722 21 346 20 533
65 -3.6896749260405013 -1.2890525576905461 7.5064128004360242 128 129 131 1.7239490459620803 17 617 7 436 14 617 9 728 7 316
67 -5.949067333519575 -0.61504587123520893 6.7157762373200809 104 100 91 0.58892216648325302 17 621 7 440 14 621 15 464 18 464 11 267 12 261 4 346 6 516 9 738 16 518 19 518 10 623 5 723 13 458 1 247 20 469
68 -5.8947654957943056 -0.69832958895184682 6.773531523282097 208 200 189 0.55467519163256496 17 622 7 441 14 622 15 465 18 465 11 308 12 254 4 348 6 532 9 817 16 521 19 521 10 739 5 791 13 649 1 874 3 804 2 1005 21 718 20 709
609 -8.011836436741735 -0.063149838463849639 5.8386283238282761 155 154 146 0.74778624478470512 16 623 19 623 8 376
69 -5.5539389468658911 -0.6219836874654987 6.7897749865217811 151 147 138 0.33286312010868568 17 623 7 443 14 623 15 435 18 435 4 366
610 -2.5218983919361175 -2.0178355455236519 8.2115198308867079 142 142 142 0.97723459577077154 5 849 8 381 13 673 10 709 1 904
70 -5.4602766282481721 -0.7190466862451359 6.866941220328763 209 197 184 0.42550942274866127 17 624 7 396 14 624 15 436 18 436 11 272 12 208 4 350 6 482
611 -3.104980396041173 -1.6402769934171704 8.0171603411822652 187 184 169 2.0343307612107497 16 635 19 635 8 412
71 -6.5875132349652237 -0.45295638341531363 6.4998281902225115 207 201 189 0.45123010307944916 17 625 7 445 14 625 15 413 18 413 11 261 12 196 4 344 9 778 16 440 19 440
612 -2.1609524703398337 -2.8587539955902588 4.7253591922422693 121 105 83 0.036106448073006531 19 674 8 421 16 674
72 -5.9342359513931147 -0.55269182188364963 6.6640709645044662 205 196 181 0.88160403281654875 17 626 7 394 14 626 15 434 18 434 11 210 12 206 4 347 6 421 16 519 19 519 2 612 21 509
73 -6.7435892557681987 -0.28089322845037901 6.3194362065610346 201 192 175 0.29900222762218265 17 627 7 444 14 627 15 477 18 477 11 260 4 343
614 -2.8994255394622126 -1.759650119728231 8.097336914004492 186 182 173 1.8586941274791309 5 882 8 430 13 703
74 -3.5475022356602834 -0.014153836957080945 8.6241121129173433 140 127 111 0.31211042593401639 17 628 7 451 14 628 9 781
615 -1.9534367256273839 1.3300583208192287 6.9135280622047297 178 165 152 0.28603050108524808 10 795 8 438
75 -7.0405128381820417 -0.14513516770834509 6.1458264243881686 201 194 177 0.40476692152073568 17 629 7 410 14 629 15 430 18 430 11 284 12 258 4 340 6 475 16 513 19 513
76 -3.5123186993271198 0.095714018050277239 8.4702334175523486 182 166 150 0.50551510723323978 17 633 7 415 14 633 9 749
77 -6.6685161676304556 1.005121119708011 7.3896601656522938 135 129 117 0.22583400353059502 17 635 7 458 14 635
618 -1.4234649454807393 -3.0104647389955868 8.1720176605756123 125 117 106 2.0675008337590239 5 900 8 454 1 981 6 637
78 -4.0703856464408732 -1.1593378294988108 7.4728560323927953 131 127 125 0.41700157836197399 17 646 7 495 14 646 15 503 18 503
79 -3.6153422531261183 -1.2875259783664763 7.6802726436704276 170 179 180 0.20132997371514919 17 647 7 471 14 647 9 815 20 707
80 -3.5416951453980934 -1.3645499022060359 7.6595813958846177 131 131 131 0.11336340462959742 17 648 7 470 14 648
621 -10.19674280314479 2.2332277440741382 5.733297043122449 134 126 113 1.3036614603178971 5 875 13 710
81 -5.1052025027011672 -0.86372031550184403 7.0449655921571628 209 202 186 0.59091404437516359 17 652 7 472 14 652 4 383 6 537 9 812
82 -5.1763667773976074 -0.82160275176777908 6.9937975311902649 207 197 185 0.36092874694271515 17 654 7 437 14 654 21 651
623 -5.4750747010023755 -0.74955180636537699 6.9241772790904799 206 194 178 0.47604137154928405 10 365 13 193
83 -5.8269813238347981 -0.58546264726479369 6.7016969467676262 187 176 163 0.48951876462030697 17 655 7 442 14 655 15 481 18 481 11 268 12 262 4 382 6 480 16 576 19 576 10 625 5 728
624 -3.2905381386564043 -1.476098453099786 7.7708882401706818 128 124 113 0.51289016536230025 5 113 13 204 1 260
84 -6.6386646187630562 -0.30486074112006672 6.3338688106224321 205 193 177 0.61212134511298222 17 657 7 479 14 657 15 500 18 500 11 305 12 285 4 381 15 478 18 478 9 819 21 682
625 -2.6238056298195258 -1.8979033220382671 8.2109614251832141 158 154 143 0.57107255805869994 5 470 13 210 1 613 3 231
85 -6.491217014915355 -0.35448109775562153 6.3814812516807331 206 193 174 1.4073776911095244 17 658 7 447 14 658 15 480 18 480 6 477
626 -3.577648099973755 -1.2703841517060348 7.7153892519329119 189 184 178 0.92597890713828535 5 625 13 258 1 771 21 518 9 579
86 -4.7770085416547099 0.33336567704738407 8.1648850823926065 136 128 113 0.94850440796290092 17 663 7 482 14 663 15 507 18 507 11 333 12 315 4 414 6 556 9 848 20 680
627 -1.9154723912668354 -0.68804336433918767 9.4565734507314154 26 9 2 0.59399550646506838 5 527 13 316 3 381 1 404
87 -4.1900855946668001 -1.2020884846175024 7.4360761010572611 210 202 187 1.2587592987547997 17 675 7 511 14 675 11 328 9 813
88 -4.7505315931423828 -0.99396904426762778 7.1514271502257012 209 197 183 0.70814483430083253 17 677 7 512 14 677 15 502 18 502 11 327 12 292 4 407 6 538 9 845
629 -1.644248439795496 -4.4643794830596581 6.923040967316858 146 146 146 0.19506702501892897 10 286 13 397 1 503 6 210
89 -7.2119801314697503 1.2882802359686041 6.9875562951258541 188 176 162 0.64861804488415975 17 688 7 504 14 688
630 -3.5388843373795296 -2.3348478243951512 7.2793262834724972 164 165 159 0.12456577458916351 5 578 13 414 1 145
90 -3.871461144898583 -1.3060401536485098 7.5305172738090516 201 195 179 0.94261501478744891 17 693 7 494 14 693 9 844 20 734
631 -5.7864838815630124 -0.80993470334767959 6.8206151263336947 173 165 152 0.28265270144749799 6 247 13 451 1 604 3 531 2 743 21 381 20 311
91 -6.2744566340136059 0.86260852395097076 7.5364133988173645 134 130 119 0.59719444637115293 17 697 7 515 14 697 9 866
632 -2.4820943377197398 -2.0135465575761073 8.2314623153933937 172 164 151 0.74954455409159682 5 469 13 467 1 615 3 233
92 -7.0691525102561084 1.1360051643167233 7.1646480583921379 136 130 121 0.19265597572260887 17 698 7 518 14 698
633 -2.6026464865484731 1.1497028198002854 7.1194191852146576 146 65 86 0.90420260840141731 16 398 19 398 13 509
93 -5.6530314649170368 -0.71161269197402077 6.8460908039551898 204 192 178 1.1790058124045144 17 708 7 537 14 708 12 336 4 445 9 881 16 668 19 668 10 780
634 -0.71344025495252872 -3.3850506276928729 8.448684227242893 140 140 140 0.94905215409539001 10 479 13 530 3 98 1 141 2 535
94 -6.4953048898988568 -0.42057753909413925 6.4798213984176209 203 194 177 1.7181613468817316 17 709 7 525 14 709 11 358 12 334 4 434 6 566 10 769 13 676 1 902 3 802
635 -2.4156210558835083 -0.50882052878017003 9.2200494959009411 93 76 58 0.87008259414917333 5 660 13 583 3 690 1 686
95 -3.9476941236771839 0.12065780432650913 8.5503806176105925 187 174 157 0.70782675483834412 17 714 7 529 14 714
636 -0.69550931231161017 -2.6594648255976305 9.0770177468345992 146 143 138 0.48801702332727986 10 392 13 615 1 776 13 566 3 669 2 603
97 -6.0949320237246969 -0.55550763179439067 6.6485215650998883 205 195 185 1.1662338628088147 17 721 7 524 14 721 15 540 18 540 11 370 12 335 4 436 6 583 9 874 10 770 5 873
638 -0.46596605533527935 -3.1525724763367089 8.868840568747741 151 151 151 0.24390894866711532 10 608 13 638 1 814 3 639 2 722
106 0.25993968106432774 -2.7736445758762365 9.4398275050356908 163 160 153 0.93750281546558434 7 310 17 612 14 612 15 472 18 472 11 197 20 281
107 0.20481051573207185 -2.6730467840642778 9.4110732841029403 102 103 98 0.5394852185881186 7 469 17 641 14 641 4 437
112 -2.334219099205892 -2.3905681751376751 4.2527452894829398 103 9 53 1.5528170669523236 14 228 15 57 17 228 18 57
653 -1.7224384917636675 -3.6840683364314479 7.4651877072398509 181 181 181 0.63278802215656238 13 51 1 64 2 69
113 -2.6384252420382595 -0.053969343308458373 6.3968550621721052 188 31 133 0.049492201501638029 14 281 15 92 17 281 18 92
654 -1.8921757019123178 -2.8248151168501159 8.0785903950277866 177 173 164 0.67904174035864384 13 91 1 150 3 111
114 -6.797595342009652 -1.6653795117596366 5.3284374303021282 131 132 127 0.45855233386918126 14 234 17 234 15 149 18 149 4 26 6 226
655 -6.9271362692006013 -0.3719843605198388 6.3595002321461163 175 171 162 0.4820995981914129 6 246 1 238 3 512
115 -6.6550627703518703 -1.8485256187552999 5.2876265785587426 90 91 85 0.59866949617903253 7 221 14 236 17 236 15 151 18 151 11 77 12 53 4 17 6 29 16 19 19 19 21 43 9 348
656 -3.7884967341716926 -1.5026848621449171 7.6639709512105911 178 175 160 0.28363645006346044 13 460 1 253 21 334
116 -6.6569106837661165 -1.8490550683770577 5.2931041689427589 90 91 85 0.46830834909759828 14 237 17 237 15 152 18 152 4 16 6 30 9 349 21 44
657 -3.3146107261495068 -1.4553289364176649 7.7495213939336951 134 128 116 0.50766365371165845 13 203 1 259 21 158
117 -6.8699693827522852 -1.6111291798500083 5.3160188990247876 141 141 141 0.43472555042311506 7 227 15 155 18 155 11 133 12 94 6 45
658 -2.2116181459662974 -2.0645615784924334 8.3726289474429709 159 149 137 0.4886980795831018 5 129 1 277 3 243
118 -5.9949338359295306 -0.60149540910214572 6.6614017830146137 202 196 182 0.42710516186546926 14 42 17 42 15 164 18 164 4 183
659 -0.63871436595432274 -2.609003987116064 9.1584867515823039 170 166 155 0.30398828441447717 13 484 1 333 3 315
119 -5.1803397512598073 -0.89561291220350692 7.0469840627519558 173 170 155 0.059155647538824185 7 173 14 248 17 248 15 167 18 167
120 -6.0347588818498625 -0.56121978069313871 6.660833926525572 181 173 160 0.33082016779129242 7 179 15 174 18 174 4 113 6 121 16 167 19 167 5 91
661 -1.6368625320805208 -5.8207545619943462 5.8398291226290455 156 155 161 0.81792878292964932 6 203 1 483 2 13 13 2
121 -6.9311529381182577 -0.31709556802421024 6.2947016763986268 199 195 184 0.70931956421903675 14 533 17 533 15 273 18 273 6 291 16 347 19 347 10 352 5 72
662 -3.1455910826424938 -5.3701617182899888 5.0863610420483196 124 123 128 0.48065675293774762 13 389 1 486 3 425 2 477
122 -6.5150928148299458 -0.52212150741633712 6.4860716590938301 177 174 165 0.44169642345032023 7 330 15 274 18 274 11 209 4 182 6 361 10 620 5 589
663 -3.1455910826424938 -5.3701617182899888 5.0863610420483196 124 123 128 0.48065675293774762 13 390 1 487 3 424 2 476
123 -4.4585722662829843 -1.326811020447821 7.34880889295298 167 167 165 0.27364326428396585 7 168 15 278 18 278
664 -1.2630632402229829 -4.4975942715104695 7.1601255323709196 146 145 151 0.51234776112970459 13 398 1 504 2 52
124 1.0364563500396293 -3.1783127168708027 9.8735397588064551 169 171 170 0.63281373314433631 14 231 17 231 15 287 18 287 11 143 9 61
125 -7.4087386042284828 -0.11026085560530069 6.0879594123137579 132 125 109 0.0055976915013849727 7 188 15 288 18 288
666 -0.477689625019596 -3.7978438722198238 8.3027676501588594 146 145 151 0.52602517745431399 13 525 1 526 3 85
126 -6.7979288645052343 -0.32671221553267898 6.3629053678025551 144 140 131 0.213150483390877 14 465 17 465 15 289 18 289
667 -6.6362881653082342 -0.50328378766215798 6.4182400116549454 205 201 189 1.1879332037848045 13 441 1 579 3 715 21 590 9 677
127 -6.7979288645052343 -0.32671221553267898 6.3629053678025551 144 140 131 0.213150483390877 14 466 17 466 15 290 18 290
668 -2.2539884590984496 -2.2786185022823484 8.2148652601907735 187 183 174 0.22619650565713567 5 99 1 580 3 145
297 -1.970522999285748 1.6058379250848809 6.7263533336464931 143 129 118 0.45318077349819902 12 35 4 158
298 -3.7116415300119119 -4.0965959969581016 5.7134819396866776 144 144 142 0.79326013406507778 14 219 17 219 4 173 6 209 16 11 19 11
300 -2.1876328697099612 -2.1020919122588237 8.3803910841379476 154 151 142 0.7600489554137404 15 279 18 279 4 196 6 463 16 456 19 456 10 638 8 291 13 608 1 833 3 717
303 -2.1228155397021973 -2.0002010439452462 8.4329835857478734 74 62 48 0.41270929200712275 15 283 18 283 4 203 16 383 19 383
315 -2.2390295808839178 -2.0163466964396082 8.3842861934194985 168 162 150 0.45762782855538464 12 221 4 302 6 510 16 540 19 540 10 711 5 828 8 347 1 838
321 -6.8615988608937011 -0.16858926562553975 6.1700327225655629 142 133 128 0.31905726896082182 15 476 18 476 4 364
323 -6.0297059665847677 0.86601933412334609 7.5291942434901848 177 161 148 0.35363691861311208 15 509 18 509 4 395 6 541
324 -5.2246405291143274 0.4849096910831906 7.964776183379298 124 115 105 0.34026213499905111 15 505 18 505 4 397 16 616 19 616
325 -5.668538460438997 -0.65309088422745931 6.7862765639176912 193 186 170 0.65205170968609283 15 501 18 501 4 406 16 606 19 606
326 -2.0964007290857554 1.3171552002208413 6.7561288339402612 163 146 138 1.7618664803511548 11 363 4 419
327 -6.3082841113591597 0.98990166660023393 7.4240209293496333 182 166 153 1.1546180780179731 11 360 4 425 6 572 10 763 5 855
328 -7.2218796265842808 -0.14886556883680302 6.2313323071015265 191 179 163 0.46010809965282268 14 713 17 713 4 433
329 -6.3105004036198409 -0.47193520322478005 6.468772020396746 186 177 162 0.4197939227039984 14 710 17 710 4 435
330 -7.1531776450057478 -0.23273567011252297 6.2722956280047395 185 176 159 1.6295967475153794 14 728 17 728 4 450
332 -0.71419229174647691 -2.5642199845260487 8.6862509920524804 152 143 126 0.14521895096235357 15 567 18 567 4 456
335 -4.934841123251978 -0.88817034290925179 7.0871211360868305 147 145 135 0.84605070968977714 17 513 7 322 14 513 11 217 15 440 18 440 4 295 6 308 9 667 20 453 21 134
336 -6.6919751870488193 -1.7952341125953479 5.3021661823139681 114 114 113 0.65289128712541178 17 423 7 223 14 423 4 101 11 129 12 92 15 153 18 153 6 222 16 142 19 142 10 304 5 569
338 -2.4046243893558783 -3.5055060039984483 7.1175274297186002 158 160 159 0.93254594648541522 12 93 6 218 16 334 19 334 10 296 5 568 3 439
339 -6.9482340622957999 -1.5979104937442075 5.2560473760750455 188 188 186 0.30672508781618041 7 159 6 220 10 57
340 -6.5711851623605915 -0.7747291657423192 6.269486897658834 172 173 168 0.45897344327151723 14 445 17 445 6 235 3 493 21 484
341 -2.1611213538279808 -2.0244091202471681 8.4153542691591685 177 166 146 1.1920418999533617 15 281 18 281 6 262 16 460 19 460 10 144 5 628 8 292 13 474 1 635 3 553
342 -2.1301956204140615 -2.0816103235878387 8.4436232580633472 173 162 141 0.5713811308835558 4 122 6 265 10 529 5 618 16 381 19 381 13 561 1 766
344 -2.1636319073941821 -2.0782930540040554 8.416747259610041 104 97 78 0.65008604319908803 4 198 6 381 16 458 15 280 18 280 19 458 10 639 5 799 8 314 13 651 1 834 3 718
345 -2.1635833342346356 -2.0798210798192489 8.4194863799749697 104 97 78 0.55580026987793474 4 197 6 382 16 457 19 457 10 640 5 798 8 315 3 719
346 -1.4889847016373499 -2.2712449537884272 8.7725801843749167 130 106 78 0.62961636583843728 11 201 6 387 3 571 1 638
347 0.16536376417675153 -2.6939942036889364 9.3506875514153407 111 111 103 0.87618438187168013 4 372 6 396 10 665 3 678
348 0.6739723560607479 -3.0808533009526062 9.7435819362718998 137 136 131 0.49001335199172286 11 80 6 401 9 370
349 -0.032571999906908962 -2.9603323178954675 9.3128812280258426 145 145 145 0.61383452241348291 11 139 6 454 10 695 3 721 2 724 21 486
350 -6.0283572067999156 -0.71623386820475166 6.6937900360851055 166 162 153 0.5335141441625052 7 253 6 457 10 621 2 922 21 593 20 539
351 -0.24905326360158533 -2.5934234264803377 9.2002254654114122 164 155 146 0.097765292471925697 11 204 6 470
353 -1.1243207100300152 -2.3089894525511827 8.8655407180568169 151 127 99 0.39208291599647022 11 255 6 511 10 713
354 -4.6976007008381027 0.38313690527951949 8.1346086036377265 177 166 148 0.53724044454873321 15 488 18 488 6 525
356 -1.0251809514410792 -2.3905627865127022 8.9728972195233645 147 126 97 1.2135747514888098 11 345 6 550 10 773 5 876
357 -7.8373112381265413 1.4087303414878627 6.8173000129985128 125 120 116 0.8828612633904771 15 526 18 526 6 555 5 810 13 624 1 782
358 -4.5748583624536865 0.24352052194396812 8.3585914733312912 131 127 116 1.7773388306140563 14 631 15 524 17 631 18 524 6 571 9 785 7 416
359 -1.3500301106837413 -2.251390899886025 8.7398172702008665 153 125 99 1.3639265499387674 11 344 6 580 10 772 8 413 3 832
361 -0.68123956397434993 -3.1166836209541557 8.6185532748064162 170 170 170 2.2333880399149915 11 364 6 600 10 789 1 960
366 -6.8477049974524542 -0.31487298079177578 6.3515727822608525 149 142 131 0.46328574216588592 12 201 4 283 14 534 17 534 15 368 18 368 11 208 16 438 19 438 8 243
369 -2.3296412343925943 1.4960304350567908 6.9078729351736845 182 164 154 0.23973680524717775 4 448 6 610
370 -4.6782551737709559 -1.1905356069126038 7.3074727497199312 197 197 189 0.37079182623630302 6 252 9 71 21 83 20 107
371 -4.6575052507073451 -1.1866457727059387 7.326903095710148 145 145 137 0.31454713496746783 6 253 9 72 21 327 20 109
372 -4.4623715540712992 -1.3330197112354738 7.3489660371509027 121 121 119 0.55386442423477489 6 81 9 74 20 297
